5.094905094905095666e+01 0.000000000000000000e+00
5.196803196803197267e+01 0.000000000000000000e+00
5.298701298701299578e+01 0.000000000000000000e+00
5.400599400599401179e+01 0.000000000000000000e+00
5.502497502497503490e+01 2.731205399663153705e-03
5.604395604395605801e+01 2.927899493351986300e-03
5.706293706293707402e+01 2.587972174220153944e-03
5.808191808191809002e+01 2.822375205141881577e-03
5.910089910089910603e+01 3.144652948636004770e-03
6.011988011988012914e+01 3.655419646834568576e-03
6.113886113886114515e+01 4.037572014971823817e-03
6.215784215784216826e+01 4.038136497990817315e-03
6.317682317682319137e+01 4.187608428529750529e-03
6.419580419580420028e+01 4.883499372178921709e-03
6.521478521478522339e+01 5.319090144908404996e-03
6.623376623376624650e+01 6.739740516753455271e-03
6.725274725274725540e+01 9.243843799404034139e-03
6.827172827172827851e+01 1.219594456509480104e-02
6.929070929070930163e+01 1.699520536454898409e-02
7.030969030969032474e+01 3.475337493243777637e-02
7.132867132867134785e+01 6.333506219825688066e-02
7.234765234765235675e+01 1.450830780440904022e-01
7.336663336663337986e+01 3.043448581780573425e-01
7.438561438561438877e+01 5.268533857329267267e-01
7.540459540459541188e+01 7.379790909410388622e-01
7.642357642357643499e+01 8.714547410667522476e-01
7.744255744255744389e+01 9.377250753425235841e-01
7.846153846153846700e+01 9.630783758254928273e-01
7.948051948051949012e+01 9.405267880342392806e-01
8.049950049950051323e+01 8.744578428691519578e-01
8.151848151848153634e+01 8.301822407197227971e-01
8.253746253746255945e+01 8.534821413069983986e-01
8.355644355644356835e+01 9.012028820431992049e-01
8.457542457542459147e+01 9.216326848427783824e-01
8.559440559440561458e+01 9.377975675995989802e-01
8.661338661338662348e+01 9.740778683568960261e-01
8.763236763236764659e+01 9.803349524993673070e-01
8.865134865134866970e+01 9.386082391620215182e-01
8.967032967032967861e+01 9.022341640202629076e-01
9.068931068931070172e+01 9.031213447119887938e-01
9.170829170829171062e+01 9.243474081414277954e-01
9.272727272727273373e+01 9.497036807284272575e-01
9.374625374625375684e+01 9.835322583055243761e-01
9.476523476523477996e+01 1.000000000000000000e+00
9.578421578421580307e+01 9.821803302695485405e-01
9.680319680319682618e+01 9.588933755953813476e-01
9.782217782217783508e+01 9.521122487575596205e-01
9.884115884115885819e+01 9.427857051500339036e-01
9.986013986013988131e+01 9.208014472123690064e-01
1.008791208791208902e+02 8.970324473420003830e-01
1.018981018981019133e+02 8.847409343084582378e-01
1.029170829170829364e+02 8.708158705897308671e-01
1.039360639360639453e+02 8.354397219983643597e-01
1.049550449550449684e+02 7.851271787459738194e-01
1.059740259740259916e+02 7.197317749835777656e-01
1.069930069930070005e+02 6.130482031376530694e-01
1.080119880119880236e+02 4.856047634404944136e-01
1.090309690309690609e+02 3.814862623225561689e-01
1.100499500499500698e+02 3.002912829209971601e-01
1.110689310689310929e+02 2.211527194672951169e-01
1.120879120879121160e+02 1.475043268516061934e-01
1.131068931068931249e+02 9.259332573695545909e-02
1.141258741258741480e+02 5.634801649537368035e-02
1.151448551448551569e+02 3.369811280968627865e-02
1.161638361638361800e+02 2.003920806648283245e-02
1.171828171828172032e+02 1.291879467679574699e-02
1.182017982017982121e+02 9.619670314094773064e-03
1.192207792207792352e+02 7.616267816089228662e-03
1.202397602397602583e+02 5.789434501171781579e-03
1.212587412587412672e+02 4.831394102895110974e-03
1.222777222777222903e+02 4.001656974269207981e-03
1.232967032967033276e+02 3.272839533024883389e-03
1.243156843156843365e+02 3.432368857334958979e-03
1.253346653346653596e+02 0.000000000000000000e+00
1.263536463536463827e+02 0.000000000000000000e+00
1.273726273726273917e+02 0.000000000000000000e+00
1.283916083916084006e+02 0.000000000000000000e+00
1.294105894105894379e+02 0.000000000000000000e+00
1.304295704295704468e+02 0.000000000000000000e+00
1.314485514485514557e+02 0.000000000000000000e+00
1.324675324675324930e+02 0.000000000000000000e+00
1.334865134865135019e+02 0.000000000000000000e+00
1.345054945054945108e+02 0.000000000000000000e+00
1.355244755244755481e+02 0.000000000000000000e+00
1.365434565434565570e+02 0.000000000000000000e+00
1.375624375624375944e+02 0.000000000000000000e+00
1.385814185814186033e+02 0.000000000000000000e+00
1.396003996003996406e+02 0.000000000000000000e+00
1.406193806193806495e+02 0.000000000000000000e+00
1.416383616383616584e+02 0.000000000000000000e+00
1.426573426573426957e+02 0.000000000000000000e+00
1.436763236763237046e+02 0.000000000000000000e+00
1.446953046953047135e+02 0.000000000000000000e+00
1.457142857142857224e+02 0.000000000000000000e+00
1.467332667332667597e+02 0.000000000000000000e+00
1.477522477522477686e+02 0.000000000000000000e+00
1.487712287712287775e+02 0.000000000000000000e+00
1.497902097902098149e+02 0.000000000000000000e+00
1.508091908091908238e+02 0.000000000000000000e+00
1.518281718281718327e+02 0.000000000000000000e+00
1.528471528471528700e+02 0.000000000000000000e+00
1.538661338661338789e+02 0.000000000000000000e+00
1.548851148851148878e+02 0.000000000000000000e+00
1.559040959040959251e+02 0.000000000000000000e+00
1.569230769230769340e+02 0.000000000000000000e+00
1.579420579420579429e+02 0.000000000000000000e+00
1.589610389610389802e+02 0.000000000000000000e+00
1.599800199800200176e+02 0.000000000000000000e+00
1.609990009990010265e+02 0.000000000000000000e+00
1.620179820179820638e+02 0.000000000000000000e+00
1.630369630369630727e+02 0.000000000000000000e+00
1.640559440559440816e+02 0.000000000000000000e+00
1.650749250749251189e+02 0.000000000000000000e+00
1.660939060939061278e+02 0.000000000000000000e+00
1.671128871128871367e+02 0.000000000000000000e+00
1.681318681318681740e+02 0.000000000000000000e+00
1.691508491508491829e+02 0.000000000000000000e+00
1.701698301698301918e+02 0.000000000000000000e+00
1.711888111888112292e+02 0.000000000000000000e+00
1.722077922077922381e+02 0.000000000000000000e+00
1.732267732267732470e+02 0.000000000000000000e+00
1.742457542457542843e+02 0.000000000000000000e+00
1.752647352647352932e+02 0.000000000000000000e+00
1.762837162837163021e+02 0.000000000000000000e+00
1.773026973026973394e+02 0.000000000000000000e+00
1.783216783216783483e+02 0.000000000000000000e+00
1.793406593406593572e+02 0.000000000000000000e+00
1.803596403596403945e+02 0.000000000000000000e+00
1.813786213786214034e+02 0.000000000000000000e+00
1.823976023976024123e+02 0.000000000000000000e+00
1.834165834165834212e+02 0.000000000000000000e+00
1.844355644355644586e+02 0.000000000000000000e+00
1.854545454545454675e+02 0.000000000000000000e+00
1.864735264735264764e+02 0.000000000000000000e+00
1.874925074925075137e+02 0.000000000000000000e+00
1.885114885114885510e+02 0.000000000000000000e+00
1.895304695304695599e+02 0.000000000000000000e+00
1.905494505494505972e+02 0.000000000000000000e+00
1.915684315684316061e+02 0.000000000000000000e+00
1.925874125874126150e+02 0.000000000000000000e+00
1.936063936063936524e+02 0.000000000000000000e+00
1.946253746253746613e+02 0.000000000000000000e+00
1.956443556443556702e+02 0.000000000000000000e+00
1.966633366633367075e+02 0.000000000000000000e+00
1.976823176823177164e+02 0.000000000000000000e+00
1.987012987012987253e+02 0.000000000000000000e+00
1.997202797202797626e+02 0.000000000000000000e+00
