5.094905094905095666e+01 0.000000000000000000e+00
5.196803196803197267e+01 0.000000000000000000e+00
5.298701298701299578e+01 0.000000000000000000e+00
5.400599400599401179e+01 0.000000000000000000e+00
5.502497502497503490e+01 0.000000000000000000e+00
5.604395604395605801e+01 0.000000000000000000e+00
5.706293706293707402e+01 0.000000000000000000e+00
5.808191808191809002e+01 0.000000000000000000e+00
5.910089910089910603e+01 0.000000000000000000e+00
6.011988011988012914e+01 0.000000000000000000e+00
6.113886113886114515e+01 0.000000000000000000e+00
6.215784215784216826e+01 0.000000000000000000e+00
6.317682317682319137e+01 0.000000000000000000e+00
6.419580419580420028e+01 0.000000000000000000e+00
6.521478521478522339e+01 0.000000000000000000e+00
6.623376623376624650e+01 0.000000000000000000e+00
6.725274725274725540e+01 0.000000000000000000e+00
6.827172827172827851e+01 0.000000000000000000e+00
6.929070929070930163e+01 0.000000000000000000e+00
7.030969030969032474e+01 0.000000000000000000e+00
7.132867132867134785e+01 0.000000000000000000e+00
7.234765234765235675e+01 0.000000000000000000e+00
7.336663336663337986e+01 0.000000000000000000e+00
7.438561438561438877e+01 0.000000000000000000e+00
7.540459540459541188e+01 0.000000000000000000e+00
7.642357642357643499e+01 0.000000000000000000e+00
7.744255744255744389e+01 0.000000000000000000e+00
7.846153846153846700e+01 0.000000000000000000e+00
7.948051948051949012e+01 0.000000000000000000e+00
8.049950049950051323e+01 0.000000000000000000e+00
8.151848151848153634e+01 0.000000000000000000e+00
8.253746253746255945e+01 0.000000000000000000e+00
8.355644355644356835e+01 0.000000000000000000e+00
8.457542457542459147e+01 0.000000000000000000e+00
8.559440559440561458e+01 0.000000000000000000e+00
8.661338661338662348e+01 0.000000000000000000e+00
8.763236763236764659e+01 0.000000000000000000e+00
8.865134865134866970e+01 0.000000000000000000e+00
8.967032967032967861e+01 0.000000000000000000e+00
9.068931068931070172e+01 0.000000000000000000e+00
9.170829170829171062e+01 0.000000000000000000e+00
9.272727272727273373e+01 0.000000000000000000e+00
9.374625374625375684e+01 0.000000000000000000e+00
9.476523476523477996e+01 0.000000000000000000e+00
9.578421578421580307e+01 0.000000000000000000e+00
9.680319680319682618e+01 0.000000000000000000e+00
9.782217782217783508e+01 0.000000000000000000e+00
9.884115884115885819e+01 0.000000000000000000e+00
9.986013986013988131e+01 0.000000000000000000e+00
1.008791208791208902e+02 0.000000000000000000e+00
1.018981018981019133e+02 0.000000000000000000e+00
1.029170829170829364e+02 0.000000000000000000e+00
1.039360639360639453e+02 0.000000000000000000e+00
1.049550449550449684e+02 0.000000000000000000e+00
1.059740259740259916e+02 0.000000000000000000e+00
1.069930069930070005e+02 0.000000000000000000e+00
1.080119880119880236e+02 0.000000000000000000e+00
1.090309690309690609e+02 0.000000000000000000e+00
1.100499500499500698e+02 1.899687557460227015e-03
1.110689310689310929e+02 2.207750573730989877e-03
1.120879120879121160e+02 2.513030540979128546e-03
1.131068931068931249e+02 2.606157910545297152e-03
1.141258741258741480e+02 3.092691949164637355e-03
1.151448551448551569e+02 3.862427032730383816e-03
1.161638361638361800e+02 5.053933595539355714e-03
1.171828171828172032e+02 7.162060863563138140e-03
1.182017982017982121e+02 9.262327686670910123e-03
1.192207792207792352e+02 1.333001817266690064e-02
1.202397602397602583e+02 1.731592782376086340e-02
1.212587412587412672e+02 2.370460443182536084e-02
1.222777222777222903e+02 3.591878289974676647e-02
1.232967032967033276e+02 5.795952819407171330e-02
1.243156843156843365e+02 9.502893205662935050e-02
1.253346653346653596e+02 1.500480848783023735e-01
1.263536463536463827e+02 2.246010629392573010e-01
1.273726273726273917e+02 3.197938701948868090e-01
1.283916083916084006e+02 4.319855912229242367e-01
1.294105894105894379e+02 5.516866392738881686e-01
1.304295704295704468e+02 6.676557304962104089e-01
1.314485514485514557e+02 7.698747243982686506e-01
1.324675324675324930e+02 8.548931863890006921e-01
1.334865134865135019e+02 9.266235470252206508e-01
1.345054945054945108e+02 9.795304200927307248e-01
1.355244755244755481e+02 1.000000000000000000e+00
1.365434565434565570e+02 9.947639572027582311e-01
1.375624375624375944e+02 9.825520136200002197e-01
1.385814185814186033e+02 9.588181899421563958e-01
1.396003996003996406e+02 9.261868595654009217e-01
1.406193806193806495e+02 9.003916989863077758e-01
1.416383616383616584e+02 8.858201245857495465e-01
1.426573426573426957e+02 8.783803663956070151e-01
1.436763236763237046e+02 8.727885818559717457e-01
1.446953046953047135e+02 8.694696505863022118e-01
1.457142857142857224e+02 8.702428811051849955e-01
1.467332667332667597e+02 8.673571300459438360e-01
1.477522477522477686e+02 8.527969485994345566e-01
1.487712287712287775e+02 8.376472844490107095e-01
1.497902097902098149e+02 8.307475815748055492e-01
1.508091908091908238e+02 8.143128766232293758e-01
1.518281718281718327e+02 7.810958604296658336e-01
1.528471528471528700e+02 7.500390699760891566e-01
1.538661338661338789e+02 7.306995390078155905e-01
1.548851148851148878e+02 7.081572439453682755e-01
1.559040959040959251e+02 6.671595328828436866e-01
1.569230769230769340e+02 6.040922772227383941e-01
1.579420579420579429e+02 5.594464384560288162e-01
1.589610389610389802e+02 5.269523087009039264e-01
1.599800199800200176e+02 4.941143794014981605e-01
1.609990009990010265e+02 4.586087116637467820e-01
1.620179820179820638e+02 4.270797495472841154e-01
1.630369630369630727e+02 3.968118564150289740e-01
1.640559440559440816e+02 3.545599111332430331e-01
1.650749250749251189e+02 2.999300101986287492e-01
1.660939060939061278e+02 2.393497370017896309e-01
1.671128871128871367e+02 1.802679686995133090e-01
1.681318681318681740e+02 1.342121639535398814e-01
1.691508491508491829e+02 1.036368637028577816e-01
1.701698301698301918e+02 8.130065467796596113e-02
1.711888111888112292e+02 6.220679774728555406e-02
1.722077922077922381e+02 4.698293513393315968e-02
1.732267732267732470e+02 3.677050989724983676e-02
1.742457542457542843e+02 2.967134384005904943e-02
1.752647352647352932e+02 2.356801489940538522e-02
1.762837162837163021e+02 1.812748007110517867e-02
1.773026973026973394e+02 1.351472885303521901e-02
1.783216783216783483e+02 9.918403010540274498e-03
1.793406593406593572e+02 7.232731341723428256e-03
1.803596403596403945e+02 4.929343105043528656e-03
1.813786213786214034e+02 3.088799628137325719e-03
1.823976023976024123e+02 2.148059846797059896e-03
1.834165834165834212e+02 1.792589942363170602e-03
1.844355644355644586e+02 1.327514642067094928e-03
1.854545454545454675e+02 9.143474283675211752e-04
1.864735264735264764e+02 9.678569078041567280e-04
1.874925074925075137e+02 1.074960368016300398e-03
1.885114885114885510e+02 8.103000352180718575e-04
1.895304695304695599e+02 5.636150770632011473e-04
1.905494505494505972e+02 0.000000000000000000e+00
1.915684315684316061e+02 0.000000000000000000e+00
1.925874125874126150e+02 0.000000000000000000e+00
1.936063936063936524e+02 0.000000000000000000e+00
1.946253746253746613e+02 0.000000000000000000e+00
1.956443556443556702e+02 0.000000000000000000e+00
1.966633366633367075e+02 0.000000000000000000e+00
1.976823176823177164e+02 0.000000000000000000e+00
1.987012987012987253e+02 0.000000000000000000e+00
1.997202797202797626e+02 0.000000000000000000e+00
