 50.00000   3.606312e-01
 50.10000   3.570463e-01
 50.20000   3.532225e-01
 50.30000   3.491609e-01
 50.40000   3.448630e-01
 50.50000   3.403301e-01
 50.60000   3.355641e-01
 50.70000   3.305670e-01
 50.80000   3.253409e-01
 50.90000   3.198886e-01
 51.00000   3.142131e-01
 51.10000   3.083176e-01
 51.20000   3.022062e-01
 51.30000   2.958830e-01
 51.40000   2.893531e-01
 51.50000   2.826217e-01
 51.60000   2.756951e-01
 51.70000   2.685799e-01
 51.80000   2.612836e-01
 51.90000   2.538143e-01
 52.00000   2.461811e-01
 52.10000   2.383938e-01
 52.20000   2.304631e-01
 52.30000   2.224006e-01
 52.40000   2.142188e-01
 52.50000   2.059312e-01
 52.60000   1.975522e-01
 52.70000   1.890973e-01
 52.80000   1.805828e-01
 52.90000   1.720261e-01
 53.00000   1.634455e-01
 53.10000   1.548603e-01
 53.20000   1.462905e-01
 53.30000   1.377571e-01
 53.40000   1.292817e-01
 53.50000   1.208868e-01
 53.60000   1.125953e-01
 53.70000   1.044305e-01
 53.80000   9.641627e-02
 53.90000   8.857657e-02
 54.00000   8.093546e-02
 54.10000   7.351689e-02
 54.20000   6.634458e-02
 54.30000   5.944182e-02
 54.40000   5.283127e-02
 54.50000   4.653484e-02
 54.60000   4.057345e-02
 54.70000   3.496688e-02
 54.80000   2.973357e-02
 54.90000   2.489048e-02
 55.00000   2.045293e-02
 55.10000   1.643443e-02
 55.20000   1.284661e-02
 55.30000   9.699033e-03
 55.40000   6.999188e-03
 55.50000   4.752376e-03
 55.60000   2.961681e-03
 55.70000   1.627957e-03
 55.80000   7.498294e-04
 55.90000   3.237245e-04
 56.00000   3.439259e-04
 56.10000   8.026476e-04
 56.20000   1.690129e-03
 56.30000   2.994750e-03
 56.40000   4.703158e-03
 56.50000   6.800413e-03
 56.60000   9.270138e-03
 56.70000   1.209469e-02
 56.80000   1.525531e-02
 56.90000   1.873231e-02
 57.00000   2.250524e-02
 57.10000   2.655304e-02
 57.20000   3.085424e-02
 57.30000   3.538707e-02
 57.40000   4.012965e-02
 57.50000   4.506011e-02
 57.60000   5.015671e-02
 57.70000   5.539799e-02
 57.80000   6.076288e-02
 57.90000   6.623073e-02
 58.00000   7.178147e-02
 58.10000   7.739566e-02
 58.20000   8.305451e-02
 58.30000   8.874000e-02
 58.40000   9.443485e-02
 58.50000   1.001226e-01
 58.60000   1.057876e-01
 58.70000   1.114150e-01
 58.80000   1.169908e-01
 58.90000   1.225019e-01
 59.00000   1.279359e-01
 59.10000   1.332813e-01
 59.20000   1.385274e-01
 59.30000   1.436642e-01
 59.40000   1.486824e-01
 59.50000   1.535735e-01
 59.60000   1.583298e-01
 59.70000   1.629439e-01
 59.80000   1.674095e-01
 59.90000   1.717204e-01
 60.00000   1.758714e-01
 60.10000   1.798576e-01
 60.20000   1.836745e-01
 60.30000   1.873183e-01
 60.40000   1.907854e-01
 60.50000   1.940730e-01
 60.60000   1.971782e-01
 60.70000   2.000988e-01
 60.80000   2.028328e-01
 60.90000   2.053784e-01
 61.00000   2.077345e-01
 61.10000   2.098997e-01
 61.20000   2.118733e-01
 61.30000   2.136545e-01
 61.40000   2.152431e-01
 61.50000   2.166389e-01
 61.60000   2.178416e-01
 61.70000   2.188517e-01
 61.80000   2.196693e-01
 61.90000   2.202951e-01
 62.00000   2.207296e-01
 62.10000   2.209736e-01
 62.20000   2.210282e-01
 62.30000   2.208944e-01
 62.40000   2.205735e-01
 62.50000   2.200669e-01
 62.60000   2.193760e-01
 62.70000   2.185026e-01
 62.80000   2.174484e-01
 62.90000   2.162155e-01
 63.00000   2.148059e-01
 63.10000   2.132218e-01
 63.20000   2.114658e-01
 63.30000   2.095404e-01
 63.40000   2.074482e-01
 63.50000   2.051924e-01
 63.60000   2.027760e-01
 63.70000   2.002022e-01
 63.80000   1.974747e-01
 63.90000   1.945971e-01
 64.00000   1.915734e-01
 64.10000   1.884077e-01
 64.20000   1.851043e-01
 64.30000   1.816680e-01
 64.40000   1.781036e-01
 64.50000   1.744162e-01
 64.60000   1.706111e-01
 64.70000   1.666941e-01
 64.80000   1.626710e-01
 64.90000   1.585480e-01
 65.00000   1.543314e-01
 65.10000   1.500282e-01
 65.20000   1.456451e-01
 65.30000   1.411896e-01
 65.40000   1.366690e-01
 65.50000   1.320912e-01
 65.60000   1.274642e-01
 65.70000   1.227962e-01
 65.80000   1.180958e-01
 65.90000   1.133717e-01
 66.00000   1.086328e-01
 66.10000   1.038881e-01
 66.20000   9.914687e-02
 66.30000   9.441854e-02
 66.40000   8.971257e-02
 66.50000   8.503850e-02
 66.60000   8.040594e-02
 66.70000   7.582452e-02
 66.80000   7.130384e-02
 66.90000   6.685344e-02
 67.00000   6.248278e-02
 67.10000   5.820118e-02
 67.20000   5.401779e-02
 67.30000   4.994155e-02
 67.40000   4.598115e-02
 67.50000   4.214497e-02
 67.60000   3.844108e-02
 67.70000   3.487717e-02
 67.80000   3.146051e-02
 67.90000   2.819794e-02
 68.00000   2.509580e-02
 68.10000   2.215994e-02
 68.20000   1.939564e-02
 68.30000   1.680762e-02
 68.40000   1.440002e-02
 68.50000   1.217636e-02
 68.60000   1.013951e-02
 68.70000   8.291741e-03
 68.80000   6.634637e-03
 68.90000   5.169148e-03
 69.00000   3.895565e-03
 69.10000   2.813533e-03
 69.20000   1.922055e-03
 69.30000   1.219507e-03
 69.40000   7.036505e-04
 69.50000   3.716559e-04
 69.60000   2.201227e-04
 69.70000   2.451062e-04
 69.80000   4.421455e-04
 69.90000   8.062946e-04
 70.00000   1.332156e-03
 70.10000   2.013913e-03
 70.20000   2.845370e-03
 70.30000   3.819984e-03
 70.40000   4.930908e-03
 70.50000   6.171023e-03
 70.60000   7.532982e-03
 70.70000   9.009243e-03
 70.80000   1.059211e-02
 70.90000   1.227376e-02
 71.00000   1.404630e-02
 71.10000   1.590176e-02
 71.20000   1.783219e-02
 71.30000   1.982961e-02
 71.40000   2.188611e-02
 71.50000   2.399384e-02
 71.60000   2.614503e-02
 71.70000   2.833206e-02
 71.80000   3.054741e-02
 71.90000   3.278375e-02
 72.00000   3.503390e-02
 72.10000   3.729088e-02
 72.20000   3.954792e-02
 72.30000   4.179847e-02
 72.40000   4.403619e-02
 72.50000   4.625498e-02
 72.60000   4.844899e-02
 72.70000   5.061261e-02
 72.80000   5.274049e-02
 72.90000   5.482754e-02
 73.00000   5.686889e-02
 73.10000   5.885998e-02
 73.20000   6.079647e-02
 73.30000   6.267430e-02
 73.40000   6.448964e-02
 73.50000   6.623893e-02
 73.60000   6.791887e-02
 73.70000   6.952637e-02
 73.80000   7.105862e-02
 73.90000   7.251303e-02
 74.00000   7.388725e-02
 74.10000   7.517916e-02
 74.20000   7.638686e-02
 74.30000   7.750866e-02
 74.40000   7.854312e-02
 74.50000   7.948897e-02
 74.60000   8.034516e-02
 74.70000   8.111086e-02
 74.80000   8.178540e-02
 74.90000   8.236832e-02
 75.00000   8.285936e-02
 75.10000   8.325841e-02
 75.20000   8.356556e-02
 75.30000   8.378105e-02
 75.40000   8.390532e-02
 75.50000   8.393895e-02
 75.60000   8.388268e-02
 75.70000   8.373743e-02
 75.80000   8.350423e-02
 75.90000   8.318430e-02
 76.00000   8.277898e-02
 76.10000   8.228975e-02
 76.20000   8.171825e-02
 76.30000   8.106623e-02
 76.40000   8.033558e-02
 76.50000   7.952831e-02
 76.60000   7.864655e-02
 76.70000   7.769256e-02
 76.80000   7.666871e-02
 76.90000   7.557747e-02
 77.00000   7.442143e-02
 77.10000   7.320327e-02
 77.20000   7.192577e-02
 77.30000   7.059181e-02
 77.40000   6.920435e-02
 77.50000   6.776643e-02
 77.60000   6.628117e-02
 77.70000   6.475176e-02
 77.80000   6.318146e-02
 77.90000   6.157359e-02
 78.00000   5.993150e-02
 78.10000   5.825862e-02
 78.20000   5.655839e-02
 78.30000   5.483431e-02
 78.40000   5.308988e-02
 78.50000   5.132862e-02
 78.60000   4.955408e-02
 78.70000   4.776979e-02
 78.80000   4.597927e-02
 78.90000   4.418605e-02
 79.00000   4.239361e-02
 79.10000   4.060540e-02
 79.20000   3.882485e-02
 79.30000   3.705531e-02
 79.40000   3.530010e-02
 79.50000   3.356246e-02
 79.60000   3.184554e-02
 79.70000   3.015243e-02
 79.80000   2.848611e-02
 79.90000   2.684948e-02
 80.00000   2.524531e-02
 80.10000   2.367626e-02
 80.20000   2.214488e-02
 80.30000   2.065357e-02
 80.40000   1.920462e-02
 80.50000   1.780015e-02
 80.60000   1.644214e-02
 80.70000   1.513245e-02
 80.80000   1.387274e-02
 80.90000   1.266454e-02
 81.00000   1.150921e-02
 81.10000   1.040793e-02
 81.20000   9.361732e-03
 81.30000   8.371476e-03
 81.40000   7.437852e-03
 81.50000   6.561379e-03
 81.60000   5.742414e-03
 81.70000   4.981143e-03
 81.80000   4.277592e-03
 81.90000   3.631625e-03
 82.00000   3.042946e-03
 82.10000   2.511109e-03
 82.20000   2.035514e-03
 82.30000   1.615421e-03
 82.40000   1.249946e-03
 82.50000   9.380751e-04
 82.60000   6.786655e-04
 82.70000   4.704539e-04
 82.80000   3.120631e-04
 82.90000   2.020093e-04
 83.00000   1.387093e-04
 83.10000   1.204880e-04
 83.20000   1.455864e-04
 83.30000   2.121692e-04
 83.40000   3.183330e-04
 83.50000   4.621137e-04
 83.60000   6.414951e-04
 83.70000   8.544160e-04
 83.80000   1.098779e-03
 83.90000   1.372457e-03
 84.00000   1.673301e-03
 84.10000   1.999150e-03
 84.20000   2.347833e-03
 84.30000   2.717181e-03
 84.40000   3.105030e-03
 84.50000   3.509232e-03
 84.60000   3.927656e-03
 84.70000   4.358197e-03
 84.80000   4.798781e-03
 84.90000   5.247369e-03
 85.00000   5.701966e-03
 85.10000   6.160620e-03
 85.20000   6.621432e-03
 85.30000   7.082556e-03
 85.40000   7.542204e-03
 85.50000   7.998649e-03
 85.60000   8.450232e-03
 85.70000   8.895357e-03
 85.80000   9.332502e-03
 85.90000   9.760215e-03
 86.00000   1.017712e-02
 86.10000   1.058191e-02
 86.20000   1.097337e-02
 86.30000   1.135035e-02
 86.40000   1.171178e-02
 86.50000   1.205667e-02
 86.60000   1.238413e-02
 86.70000   1.269332e-02
 86.80000   1.298350e-02
 86.90000   1.325399e-02
 87.00000   1.350422e-02
 87.10000   1.373368e-02
 87.20000   1.394193e-02
 87.30000   1.412862e-02
 87.40000   1.429348e-02
 87.50000   1.443630e-02
 87.60000   1.455695e-02
 87.70000   1.465537e-02
 87.80000   1.473157e-02
 87.90000   1.478563e-02
 88.00000   1.481769e-02
 88.10000   1.482796e-02
 88.20000   1.481670e-02
 88.30000   1.478424e-02
 88.40000   1.473096e-02
 88.50000   1.465730e-02
 88.60000   1.456374e-02
 88.70000   1.445082e-02
 88.80000   1.431912e-02
 88.90000   1.416926e-02
 89.00000   1.400191e-02
 89.10000   1.381777e-02
 89.20000   1.361756e-02
 89.30000   1.340207e-02
 89.40000   1.317208e-02
 89.50000   1.292842e-02
 89.60000   1.267192e-02
 89.70000   1.240344e-02
 89.80000   1.212387e-02
 89.90000   1.183410e-02
 90.00000   1.153501e-02
 90.10000   1.122753e-02
 90.20000   1.091257e-02
 90.30000   1.059103e-02
 90.40000   1.026383e-02
 90.50000   9.931875e-03
 90.60000   9.596064e-03
 90.70000   9.257288e-03
 90.80000   8.916424e-03
 90.90000   8.574334e-03
 91.00000   8.231863e-03
 91.10000   7.889836e-03
 91.20000   7.549057e-03
 91.30000   7.210304e-03
 91.40000   6.874329e-03
 91.50000   6.541859e-03
 91.60000   6.213588e-03
 91.70000   5.890179e-03
 91.80000   5.572264e-03
 91.90000   5.260439e-03
 92.00000   4.955265e-03
 92.10000   4.657268e-03
 92.20000   4.366934e-03
 92.30000   4.084712e-03
 92.40000   3.811014e-03
 92.50000   3.546209e-03
 92.60000   3.290632e-03
 92.70000   3.044572e-03
 92.80000   2.808283e-03
 92.90000   2.581978e-03
 93.00000   2.365831e-03
 93.10000   2.159976e-03
 93.20000   1.964509e-03
 93.30000   1.779491e-03
 93.40000   1.604943e-03
 93.50000   1.440852e-03
 93.60000   1.287169e-03
 93.70000   1.143813e-03
 93.80000   1.010669e-03
 93.90000   8.875925e-04
 94.00000   7.744078e-04
 94.10000   6.709125e-04
 94.20000   5.768772e-04
 94.30000   4.920481e-04
 94.40000   4.161479e-04
 94.50000   3.488783e-04
 94.60000   2.899215e-04
 94.70000   2.389419e-04
 94.80000   1.955883e-04
 94.90000   1.594955e-04
 95.00000   1.302863e-04
 95.10000   1.075734e-04
 95.20000   9.096105e-05
 95.30000   8.004733e-05
 95.40000   7.442566e-05
 95.50000   7.368672e-05
 95.60000   7.742020e-05
 95.70000   8.521658e-05
 95.80000   9.666877e-05
 95.90000   1.113738e-04
 96.00000   1.289342e-04
 96.10000   1.489599e-04
 96.20000   1.710693e-04
 96.30000   1.948908e-04
 96.40000   2.200642e-04
 96.50000   2.462416e-04
 96.60000   2.730889e-04
 96.70000   3.002866e-04
 96.80000   3.275310e-04
 96.90000   3.545349e-04
 97.00000   3.810282e-04
 97.10000   4.067593e-04
 97.20000   4.314947e-04
 97.30000   4.550205e-04
 97.40000   4.771422e-04
 97.50000   4.976850e-04
 97.60000   5.164947e-04
 97.70000   5.334369e-04
 97.80000   5.483979e-04
 97.90000   5.612843e-04
 98.00000   5.720226e-04
 98.10000   5.805596e-04
 98.20000   5.868618e-04
 98.30000   5.909149e-04
 98.40000   5.927236e-04
 98.50000   5.923111e-04
 98.60000   5.897182e-04
 98.70000   5.850029e-04
 98.80000   5.782399e-04
 98.90000   5.695193e-04
 99.00000   5.589460e-04
 99.10000   5.466391e-04
 99.20000   5.327304e-04
 99.30000   5.173638e-04
 99.40000   5.006943e-04
 99.50000   4.828868e-04
 99.60000   4.641149e-04
 99.70000   4.445600e-04
 99.80000   4.244101e-04
 99.90000   4.038587e-04
100.00000   3.831034e-04
100.10000   3.623451e-04
100.20000   3.417863e-04
100.30000   3.216306e-04
100.40000   3.020810e-04
100.50000   2.833388e-04
100.60000   2.656028e-04
100.70000   2.490679e-04
100.80000   2.339241e-04
100.90000   2.203554e-04
101.00000   2.085387e-04
101.10000   1.986432e-04
101.20000   1.908290e-04
101.30000   1.852464e-04
101.40000   1.820351e-04
101.50000   1.813234e-04
101.60000   1.832273e-04
101.70000   1.878503e-04
101.80000   1.952821e-04
101.90000   2.055988e-04
102.00000   2.188616e-04
102.10000   2.351174e-04
102.20000   2.543975e-04
102.30000   2.767180e-04
102.40000   3.020795e-04
102.50000   3.304665e-04
102.60000   3.618482e-04
102.70000   3.961778e-04
102.80000   4.333929e-04
102.90000   4.734158e-04
103.00000   5.161537e-04
103.10000   5.614987e-04
103.20000   6.093288e-04
103.30000   6.595078e-04
103.40000   7.118862e-04
103.50000   7.663015e-04
103.60000   8.225792e-04
103.70000   8.805332e-04
103.80000   9.399668e-04
103.90000   1.000673e-03
104.00000   1.062437e-03
104.10000   1.125034e-03
104.20000   1.188234e-03
104.30000   1.251799e-03
104.40000   1.315487e-03
104.50000   1.379052e-03
104.60000   1.442244e-03
104.70000   1.504811e-03
104.80000   1.566502e-03
104.90000   1.627064e-03
105.00000   1.686247e-03
105.10000   1.743802e-03
105.20000   1.799485e-03
105.30000   1.853056e-03
105.40000   1.904280e-03
105.50000   1.952931e-03
105.60000   1.998790e-03
105.70000   2.041645e-03
105.80000   2.081297e-03
105.90000   2.117556e-03
106.00000   2.150246e-03
106.10000   2.179201e-03
106.20000   2.204270e-03
106.30000   2.225317e-03
106.40000   2.242222e-03
106.50000   2.254877e-03
106.60000   2.263196e-03
106.70000   2.267106e-03
106.80000   2.266553e-03
106.90000   2.261503e-03
107.00000   2.251938e-03
107.10000   2.237861e-03
107.20000   2.219292e-03
107.30000   2.196273e-03
107.40000   2.168863e-03
107.50000   2.137144e-03
107.60000   2.101214e-03
107.70000   2.061192e-03
107.80000   2.017218e-03
107.90000   1.969449e-03
108.00000   1.918061e-03
108.10000   1.863251e-03
108.20000   1.805229e-03
108.30000   1.744229e-03
108.40000   1.680496e-03
108.50000   1.614295e-03
108.60000   1.545906e-03
108.70000   1.475621e-03
108.80000   1.403750e-03
108.90000   1.330614e-03
109.00000   1.256544e-03
109.10000   1.181885e-03
109.20000   1.106991e-03
109.30000   1.032223e-03
109.40000   9.579524e-04
109.50000   8.845546e-04
109.60000   8.124107e-04
109.70000   7.419056e-04
109.80000   6.734263e-04
109.90000   6.073609e-04
110.00000   5.440971e-04
110.10000   4.840206e-04
110.20000   4.275139e-04
110.30000   3.749549e-04
110.40000   3.267152e-04
110.50000   2.831589e-04
110.60000   2.446409e-04
110.70000   2.115061e-04
110.80000   1.840871e-04
110.90000   1.627036e-04
111.00000   1.476606e-04
111.10000   1.392473e-04
111.20000   1.377359e-04
111.30000   1.433801e-04
111.40000   1.564140e-04
111.50000   1.770514e-04
111.60000   2.054839e-04
111.70000   2.418808e-04
111.80000   2.863877e-04
111.90000   3.391255e-04
112.00000   4.001901e-04
112.10000   4.696514e-04
112.20000   5.475527e-04
112.30000   6.339101e-04
112.40000   7.287124e-04
112.50000   8.319205e-04
112.60000   9.434672e-04
112.70000   1.063257e-03
112.80000   1.191166e-03
112.90000   1.327043e-03
113.00000   1.470707e-03
113.10000   1.621951e-03
113.20000   1.780539e-03
113.30000   1.946209e-03
113.40000   2.118673e-03
113.50000   2.297614e-03
113.60000   2.482694e-03
113.70000   2.673549e-03
113.80000   2.869792e-03
113.90000   3.071011e-03
114.00000   3.276777e-03
114.10000   3.486639e-03
114.20000   3.700125e-03
114.30000   3.916750e-03
114.40000   4.136008e-03
114.50000   4.357382e-03
114.60000   4.580340e-03
114.70000   4.804339e-03
114.80000   5.028825e-03
114.90000   5.253236e-03
115.00000   5.477003e-03
115.10000   5.699553e-03
115.20000   5.920310e-03
115.30000   6.138693e-03
115.40000   6.354125e-03
115.50000   6.566030e-03
115.60000   6.773834e-03
115.70000   6.976970e-03
115.80000   7.174879e-03
115.90000   7.367009e-03
116.00000   7.552821e-03
116.10000   7.731787e-03
116.20000   7.903393e-03
116.30000   8.067142e-03
116.40000   8.222554e-03
116.50000   8.369167e-03
116.60000   8.506541e-03
116.70000   8.634257e-03
116.80000   8.751920e-03
116.90000   8.859161e-03
117.00000   8.955633e-03
117.10000   9.041021e-03
117.20000   9.115035e-03
117.30000   9.177418e-03
117.40000   9.227940e-03
117.50000   9.266404e-03
117.60000   9.292646e-03
117.70000   9.306534e-03
117.80000   9.307971e-03
117.90000   9.296893e-03
118.00000   9.273271e-03
118.10000   9.237113e-03
118.20000   9.188460e-03
118.30000   9.127391e-03
118.40000   9.054021e-03
118.50000   8.968497e-03
118.60000   8.871008e-03
118.70000   8.761773e-03
118.80000   8.641050e-03
118.90000   8.509130e-03
119.00000   8.366341e-03
119.10000   8.213042e-03
119.20000   8.049626e-03
119.30000   7.876520e-03
119.40000   7.694180e-03
119.50000   7.503096e-03
119.60000   7.303784e-03
119.70000   7.096791e-03
119.80000   6.882688e-03
119.90000   6.662075e-03
120.00000   6.435573e-03
120.10000   6.203829e-03
120.20000   5.967507e-03
120.30000   5.727294e-03
120.40000   5.483891e-03
120.50000   5.238018e-03
120.60000   4.990407e-03
120.70000   4.741800e-03
120.80000   4.492950e-03
120.90000   4.244618e-03
121.00000   3.997570e-03
121.10000   3.752573e-03
121.20000   3.510397e-03
121.30000   3.271809e-03
121.40000   3.037573e-03
121.50000   2.808446e-03
121.60000   2.585176e-03
121.70000   2.368500e-03
121.80000   2.159144e-03
121.90000   1.957814e-03
122.00000   1.765202e-03
122.10000   1.581976e-03
122.20000   1.408785e-03
122.30000   1.246251e-03
122.40000   1.094968e-03
122.50000   9.555033e-04
122.60000   8.283918e-04
122.70000   7.141355e-04
122.80000   6.132015e-04
122.90000   5.260200e-04
123.00000   4.529831e-04
123.10000   3.944428e-04
123.20000   3.507099e-04
123.30000   3.220523e-04
123.40000   3.086942e-04
123.50000   3.108149e-04
123.60000   3.285479e-04
123.70000   3.619801e-04
123.80000   4.111513e-04
123.90000   4.760536e-04
124.00000   5.566311e-04
124.10000   6.527801e-04
124.20000   7.643487e-04
124.30000   8.911370e-04
124.40000   1.032898e-03
124.50000   1.189337e-03
124.60000   1.360113e-03
124.70000   1.544840e-03
124.80000   1.743087e-03
124.90000   1.954381e-03
125.00000   2.178203e-03
125.10000   2.413998e-03
125.20000   2.661168e-03
125.30000   2.919078e-03
125.40000   3.187061e-03
125.50000   3.464410e-03
125.60000   3.750391e-03
125.70000   4.044239e-03
125.80000   4.345161e-03
125.90000   4.652339e-03
126.00000   4.964933e-03
126.10000   5.282082e-03
126.20000   5.602909e-03
126.30000   5.926520e-03
126.40000   6.252009e-03
126.50000   6.578462e-03
126.60000   6.904957e-03
126.70000   7.230566e-03
126.80000   7.554364e-03
126.90000   7.875422e-03
127.00000   8.192820e-03
127.10000   8.505641e-03
127.20000   8.812981e-03
127.30000   9.113945e-03
127.40000   9.407656e-03
127.50000   9.693252e-03
127.60000   9.969893e-03
127.70000   1.023676e-02
127.80000   1.049306e-02
127.90000   1.073803e-02
128.00000   1.097093e-02
128.10000   1.119106e-02
128.20000   1.139775e-02
128.30000   1.159037e-02
128.40000   1.176832e-02
128.50000   1.193105e-02
128.60000   1.207804e-02
128.70000   1.220883e-02
128.80000   1.232299e-02
128.90000   1.242014e-02
129.00000   1.249995e-02
129.10000   1.256215e-02
129.20000   1.260650e-02
129.30000   1.263282e-02
129.40000   1.264098e-02
129.50000   1.263092e-02
129.60000   1.260260e-02
129.70000   1.255605e-02
129.80000   1.249137e-02
129.90000   1.240869e-02
130.00000   1.230820e-02
130.10000   1.219015e-02
130.20000   1.205484e-02
130.30000   1.190262e-02
130.40000   1.173390e-02
130.50000   1.154914e-02
130.60000   1.134884e-02
130.70000   1.113357e-02
130.80000   1.090393e-02
130.90000   1.066056e-02
131.00000   1.040419e-02
131.10000   1.013554e-02
131.20000   9.855415e-03
131.30000   9.564634e-03
131.40000   9.264066e-03
131.50000   8.954617e-03
131.60000   8.637224e-03
131.70000   8.312858e-03
131.80000   7.982520e-03
131.90000   7.647235e-03
132.00000   7.308055e-03
132.10000   6.966052e-03
132.20000   6.622315e-03
132.30000   6.277949e-03
132.40000   5.934071e-03
132.50000   5.591807e-03
132.60000   5.252286e-03
132.70000   4.916641e-03
132.80000   4.586001e-03
132.90000   4.261493e-03
133.00000   3.944232e-03
133.10000   3.635322e-03
133.20000   3.335850e-03
133.30000   3.046886e-03
133.40000   2.769474e-03
133.50000   2.504633e-03
133.60000   2.253349e-03
133.70000   2.016578e-03
133.80000   1.795237e-03
133.90000   1.590202e-03
134.00000   1.402305e-03
134.10000   1.232334e-03
134.20000   1.081024e-03
134.30000   9.490593e-04
134.40000   8.370673e-04
134.50000   7.456186e-04
134.60000   6.752231e-04
134.70000   6.263280e-04
134.80000   5.993162e-04
134.90000   5.945040e-04
135.00000   6.121401e-04
135.10000   6.524036e-04
135.20000   7.154033e-04
135.30000   8.011767e-04
135.40000   9.096891e-04
135.50000   1.040834e-03
135.60000   1.194431e-03
135.70000   1.370229e-03
135.80000   1.567903e-03
135.90000   1.787058e-03
136.00000   2.027228e-03
136.10000   2.287877e-03
136.20000   2.568399e-03
136.30000   2.868125e-03
136.40000   3.186319e-03
136.50000   3.522181e-03
136.60000   3.874853e-03
136.70000   4.243417e-03
136.80000   4.626899e-03
136.90000   5.024275e-03
137.00000   5.434469e-03
137.10000   5.856358e-03
137.20000   6.288779e-03
137.30000   6.730526e-03
137.40000   7.180358e-03
137.50000   7.637004e-03
137.60000   8.099161e-03
137.70000   8.565503e-03
137.80000   9.034684e-03
137.90000   9.505342e-03
138.00000   9.976099e-03
138.10000   1.044557e-02
138.20000   1.091238e-02
138.30000   1.137512e-02
138.40000   1.183242e-02
138.50000   1.228291e-02
138.60000   1.272521e-02
138.70000   1.315799e-02
138.80000   1.357991e-02
138.90000   1.398969e-02
139.00000   1.438603e-02
139.10000   1.476772e-02
139.20000   1.513353e-02
139.30000   1.548231e-02
139.40000   1.581295e-02
139.50000   1.612435e-02
139.60000   1.641551e-02
139.70000   1.668545e-02
139.80000   1.693326e-02
139.90000   1.715808e-02
140.00000   1.735914e-02
140.10000   1.753569e-02
140.20000   1.768709e-02
140.30000   1.781274e-02
140.40000   1.791214e-02
140.50000   1.798484e-02
140.60000   1.803049e-02
140.70000   1.804879e-02
140.80000   1.803954e-02
140.90000   1.800262e-02
141.00000   1.793800e-02
141.10000   1.784570e-02
141.20000   1.772588e-02
141.30000   1.757873e-02
141.40000   1.740457e-02
141.50000   1.720378e-02
141.60000   1.697683e-02
141.70000   1.672429e-02
141.80000   1.644680e-02
141.90000   1.614510e-02
142.00000   1.582000e-02
142.10000   1.547241e-02
142.20000   1.510331e-02
142.30000   1.471377e-02
142.40000   1.430493e-02
142.50000   1.387802e-02
142.60000   1.343433e-02
142.70000   1.297524e-02
142.80000   1.250219e-02
142.90000   1.201668e-02
143.00000   1.152029e-02
143.10000   1.101466e-02
143.20000   1.050146e-02
143.30000   9.982452e-03
143.40000   9.459411e-03
143.50000   8.934177e-03
143.60000   8.408620e-03
143.70000   7.884648e-03
143.80000   7.364193e-03
143.90000   6.849213e-03
144.00000   6.341682e-03
144.10000   5.843587e-03
144.20000   5.356917e-03
144.30000   4.883663e-03
144.40000   4.425807e-03
144.50000   3.985316e-03
144.60000   3.564139e-03
144.70000   3.164195e-03
144.80000   2.787372e-03
144.90000   2.435514e-03
145.00000   2.110419e-03
145.10000   1.813830e-03
145.20000   1.547429e-03
145.30000   1.312832e-03
145.40000   1.111578e-03
145.50000   9.451278e-04
145.60000   8.148545e-04
145.70000   7.220392e-04
145.80000   6.678646e-04
145.90000   6.534101e-04
146.00000   6.796464e-04
146.10000   7.474308e-04
146.20000   8.575031e-04
146.30000   1.010481e-03
146.40000   1.206858e-03
146.50000   1.446997e-03
146.60000   1.731133e-03
146.70000   2.059365e-03
146.80000   2.431658e-03
146.90000   2.847841e-03
147.00000   3.307606e-03
147.10000   3.810507e-03
147.20000   4.355962e-03
147.30000   4.943252e-03
147.40000   5.571525e-03
147.50000   6.239794e-03
147.60000   6.946942e-03
147.70000   7.691723e-03
147.80000   8.472769e-03
147.90000   9.288588e-03
148.00000   1.013757e-02
148.10000   1.101800e-02
148.20000   1.192805e-02
148.30000   1.286578e-02
148.40000   1.382918e-02
148.50000   1.481611e-02
148.60000   1.582438e-02
148.70000   1.685171e-02
148.80000   1.789573e-02
148.90000   1.895404e-02
149.00000   2.002416e-02
149.10000   2.110355e-02
149.20000   2.218964e-02
149.30000   2.327982e-02
149.40000   2.437145e-02
149.50000   2.546186e-02
149.60000   2.654838e-02
149.70000   2.762832e-02
149.80000   2.869899e-02
149.90000   2.975770e-02
150.00000   3.080179e-02
150.10000   3.182860e-02
150.20000   3.283550e-02
150.30000   3.381991e-02
150.40000   3.477927e-02
150.50000   3.571107e-02
150.60000   3.661286e-02
150.70000   3.748224e-02
150.80000   3.831686e-02
150.90000   3.911447e-02
151.00000   3.987288e-02
151.10000   4.058997e-02
151.20000   4.126371e-02
151.30000   4.189217e-02
151.40000   4.247350e-02
151.50000   4.300597e-02
151.60000   4.348794e-02
151.70000   4.391787e-02
151.80000   4.429435e-02
151.90000   4.461607e-02
152.00000   4.488187e-02
152.10000   4.509068e-02
152.20000   4.524159e-02
152.30000   4.533378e-02
152.40000   4.536662e-02
152.50000   4.533957e-02
152.60000   4.525226e-02
152.70000   4.510446e-02
152.80000   4.489609e-02
152.90000   4.462720e-02
153.00000   4.429803e-02
153.10000   4.390895e-02
153.20000   4.346050e-02
153.30000   4.295336e-02
153.40000   4.238841e-02
153.50000   4.176667e-02
153.60000   4.108932e-02
153.70000   4.035773e-02
153.80000   3.957342e-02
153.90000   3.873809e-02
154.00000   3.785359e-02
154.10000   3.692198e-02
154.20000   3.594545e-02
154.30000   3.492637e-02
154.40000   3.386729e-02
154.50000   3.277091e-02
154.60000   3.164010e-02
154.70000   3.047788e-02
154.80000   2.928746e-02
154.90000   2.807216e-02
155.00000   2.683547e-02
155.10000   2.558103e-02
155.20000   2.431260e-02
155.30000   2.303409e-02
155.40000   2.174951e-02
155.50000   2.046300e-02
155.60000   1.917879e-02
155.70000   1.790124e-02
155.80000   1.663475e-02
155.90000   1.538382e-02
156.00000   1.415300e-02
156.10000   1.294689e-02
156.20000   1.177012e-02
156.30000   1.062736e-02
156.40000   9.523243e-03
156.50000   8.462425e-03
156.60000   7.449518e-03
156.70000   6.489089e-03
156.80000   5.585642e-03
156.90000   4.743601e-03
157.00000   3.967290e-03
157.10000   3.260915e-03
157.20000   2.628547e-03
157.30000   2.074105e-03
157.40000   1.601334e-03
157.50000   1.213790e-03
157.60000   9.148243e-04
157.70000   7.075646e-04
157.80000   5.948993e-04
157.90000   5.794633e-04
158.00000   6.636235e-04
158.10000   8.494652e-04
158.20000   1.138781e-03
158.30000   1.533059e-03
158.40000   2.033474e-03
158.50000   2.640879e-03
158.60000   3.355801e-03
158.70000   4.178433e-03
158.80000   5.108631e-03
158.90000   6.145913e-03
159.00000   7.289462e-03
159.10000   8.538122e-03
159.20000   9.890403e-03
159.30000   1.134449e-02
159.40000   1.289824e-02
159.50000   1.454920e-02
159.60000   1.629461e-02
159.70000   1.813141e-02
159.80000   2.005628e-02
159.90000   2.206559e-02
160.00000   2.415549e-02
160.10000   2.632187e-02
160.20000   2.856040e-02
160.30000   3.086653e-02
160.40000   3.323555e-02
160.50000   3.566252e-02
160.60000   3.814240e-02
160.70000   4.066998e-02
160.80000   4.323992e-02
160.90000   4.584680e-02
161.00000   4.848509e-02
161.10000   5.114922e-02
161.20000   5.383353e-02
161.30000   5.653236e-02
161.40000   5.924001e-02
161.50000   6.195078e-02
161.60000   6.465898e-02
161.70000   6.735895e-02
161.80000   7.004506e-02
161.90000   7.271174e-02
162.00000   7.535349e-02
162.10000   7.796485e-02
162.20000   8.054049e-02
162.30000   8.307513e-02
162.40000   8.556363e-02
162.50000   8.800094e-02
162.60000   9.038213e-02
162.70000   9.270240e-02
162.80000   9.495707e-02
162.90000   9.714162e-02
163.00000   9.925164e-02
163.10000   1.012829e-01
163.20000   1.032312e-01
163.30000   1.050928e-01
163.40000   1.068637e-01
163.50000   1.085403e-01
163.60000   1.101192e-01
163.70000   1.115970e-01
163.80000   1.129707e-01
163.90000   1.142371e-01
164.00000   1.153935e-01
164.10000   1.164372e-01
164.20000   1.173658e-01
164.30000   1.181770e-01
164.40000   1.188685e-01
164.50000   1.194385e-01
164.60000   1.198852e-01
164.70000   1.202070e-01
164.80000   1.204025e-01
164.90000   1.204705e-01
165.00000   1.204099e-01
165.10000   1.202199e-01
165.20000   1.199000e-01
165.30000   1.194496e-01
165.40000   1.188686e-01
165.50000   1.181569e-01
165.60000   1.173149e-01
165.70000   1.163430e-01
165.80000   1.152419e-01
165.90000   1.140125e-01
166.00000   1.126560e-01
166.10000   1.111740e-01
166.20000   1.095681e-01
166.30000   1.078404e-01
166.40000   1.059932e-01
166.50000   1.040291e-01
166.60000   1.019510e-01
166.70000   9.976214e-02
166.80000   9.746610e-02
166.90000   9.506678e-02
167.00000   9.256843e-02
167.10000   8.997566e-02
167.20000   8.729344e-02
167.30000   8.452711e-02
167.40000   8.168239e-02
167.50000   7.876538e-02
167.60000   7.578257e-02
167.70000   7.274084e-02
167.80000   6.964744e-02
167.90000   6.651004e-02
168.00000   6.333667e-02
168.10000   6.013574e-02
168.20000   5.691604e-02
168.30000   5.368672e-02
168.40000   5.045725e-02
168.50000   4.723747e-02
168.60000   4.403749e-02
168.70000   4.086771e-02
168.80000   3.773879e-02
168.90000   3.466162e-02
169.00000   3.164726e-02
169.10000   2.870694e-02
169.20000   2.585197e-02
169.30000   2.309375e-02
169.40000   2.044368e-02
169.50000   1.791310e-02
169.60000   1.551328e-02
169.70000   1.325534e-02
169.80000   1.115016e-02
169.90000   9.208377e-03
170.00000   7.440275e-03
170.10000   5.855743e-03
170.20000   4.464213e-03
170.30000   3.274592e-03
170.40000   2.295210e-03
170.50000   1.533752e-03
170.60000   9.972144e-04
170.70000   6.918443e-04
170.80000   6.230979e-04
170.90000   7.955964e-04
171.00000   1.213090e-03
171.10000   1.878424e-03
171.20000   2.793521e-03
171.30000   3.959354e-03
171.40000   5.375944e-03
171.50000   7.042350e-03
171.60000   8.956675e-03
171.70000   1.111608e-02
171.80000   1.351679e-02
171.90000   1.615413e-02
172.00000   1.902257e-02
172.10000   2.211570e-02
172.20000   2.542637e-02
172.30000   2.894665e-02
172.40000   3.266791e-02
172.50000   3.658091e-02
172.60000   4.067580e-02
172.70000   4.494223e-02
172.80000   4.936939e-02
172.90000   5.394605e-02
173.00000   5.866068e-02
173.10000   6.350147e-02
173.20000   6.845640e-02
173.30000   7.351330e-02
173.40000   7.865992e-02
173.50000   8.388396e-02
173.60000   8.917317e-02
173.70000   9.451535e-02
173.80000   9.989841e-02
173.90000   1.053104e-01
174.00000   1.107397e-01
174.10000   1.161746e-01
174.20000   1.216041e-01
174.30000   1.270170e-01
174.40000   1.324029e-01
174.50000   1.377513e-01
174.60000   1.430524e-01
174.70000   1.482964e-01
174.80000   1.534742e-01
174.90000   1.585768e-01
175.00000   1.635958e-01
175.10000   1.685230e-01
175.20000   1.733507e-01
175.30000   1.780715e-01
175.40000   1.826784e-01
175.50000   1.871647e-01
175.60000   1.915240e-01
175.70000   1.957504e-01
175.80000   1.998383e-01
175.90000   2.037822e-01
176.00000   2.075771e-01
176.10000   2.112182e-01
176.20000   2.147011e-01
176.30000   2.180216e-01
176.40000   2.211755e-01
176.50000   2.241593e-01
176.60000   2.269692e-01
176.70000   2.296021e-01
176.80000   2.320548e-01
176.90000   2.343243e-01
177.00000   2.364079e-01
177.10000   2.383029e-01
177.20000   2.400069e-01
177.30000   2.415175e-01
177.40000   2.428327e-01
177.50000   2.439502e-01
177.60000   2.448682e-01
177.70000   2.455849e-01
177.80000   2.460986e-01
177.90000   2.464077e-01
178.00000   2.465107e-01
178.10000   2.464063e-01
178.20000   2.460931e-01
178.30000   2.455702e-01
178.40000   2.448364e-01
178.50000   2.438910e-01
178.60000   2.427331e-01
178.70000   2.413621e-01
178.80000   2.397777e-01
178.90000   2.379795e-01
179.00000   2.359675e-01
179.10000   2.337418e-01
179.20000   2.313026e-01
179.30000   2.286507e-01
179.40000   2.257868e-01
179.50000   2.227120e-01
179.60000   2.194278e-01
179.70000   2.159360e-01
179.80000   2.122388e-01
179.90000   2.083387e-01
180.00000   2.042387e-01
180.10000   1.999425e-01
180.20000   1.954539e-01
180.30000   1.907775e-01
180.40000   1.859187e-01
180.50000   1.808832e-01
180.60000   1.756775e-01
180.70000   1.703089e-01
180.80000   1.647855e-01
180.90000   1.591162e-01
181.00000   1.533106e-01
181.10000   1.473794e-01
181.20000   1.413343e-01
181.30000   1.351878e-01
181.40000   1.289534e-01
181.50000   1.226457e-01
181.60000   1.162805e-01
181.70000   1.098744e-01
181.80000   1.034451e-01
181.90000   9.701155e-02
182.00000   9.059352e-02
182.10000   8.421185e-02
182.20000   7.788830e-02
182.30000   7.164554e-02
182.40000   6.550702e-02
182.50000   5.949693e-02
182.60000   5.364004e-02
182.70000   4.796161e-02
182.80000   4.248721e-02
182.90000   3.724262e-02
183.00000   3.225360e-02
183.10000   2.754573e-02
183.20000   2.314422e-02
183.30000   1.907366e-02
183.40000   1.535788e-02
183.50000   1.201964e-02
183.60000   9.080482e-03
183.70000   6.560493e-03
183.80000   4.478084e-03
183.90000   2.849799e-03
184.00000   1.690132e-03
184.10000   1.011359e-03
184.20000   8.233948e-04
184.30000   1.133668e-03
184.40000   1.947030e-03
184.50000   3.265695e-03
184.60000   5.089199e-03
184.70000   7.414405e-03
184.80000   1.023553e-02
184.90000   1.354420e-02
185.00000   1.732955e-02
185.10000   2.157835e-02
185.20000   2.627513e-02
185.30000   3.140235e-02
185.40000   3.694060e-02
185.50000   4.286878e-02
185.60000   4.916435e-02
185.70000   5.580351e-02
185.80000   6.276142e-02
185.90000   7.001247e-02
186.00000   7.753047e-02
186.10000   8.528886e-02
186.20000   9.326093e-02
186.30000   1.014200e-01
186.40000   1.097396e-01
186.50000   1.181937e-01
186.60000   1.267567e-01
186.70000   1.354036e-01
186.80000   1.441105e-01
186.90000   1.528541e-01
187.00000   1.616120e-01
187.10000   1.703630e-01
187.20000   1.790868e-01
187.30000   1.877643e-01
187.40000   1.963776e-01
187.50000   2.049096e-01
187.60000   2.133447e-01
187.70000   2.216682e-01
187.80000   2.298664e-01
187.90000   2.379269e-01
188.00000   2.458381e-01
188.10000   2.535895e-01
188.20000   2.611715e-01
188.30000   2.685755e-01
188.40000   2.757934e-01
188.50000   2.828183e-01
188.60000   2.896437e-01
188.70000   2.962641e-01
188.80000   3.026744e-01
188.90000   3.088702e-01
189.00000   3.148475e-01
189.10000   3.206029e-01
189.20000   3.261335e-01
189.30000   3.314366e-01
189.40000   3.365100e-01
189.50000   3.413518e-01
189.60000   3.459603e-01
189.70000   3.503340e-01
189.80000   3.544718e-01
189.90000   3.583726e-01
190.00000   3.620354e-01
190.10000   3.654595e-01
190.20000   3.686441e-01
190.30000   3.715886e-01
190.40000   3.742923e-01
190.50000   3.767545e-01
190.60000   3.789748e-01
190.70000   3.809524e-01
190.80000   3.826867e-01
190.90000   3.841770e-01
191.00000   3.854224e-01
191.10000   3.864222e-01
191.20000   3.871753e-01
191.30000   3.876808e-01
191.40000   3.879376e-01
191.50000   3.879444e-01
191.60000   3.876999e-01
191.70000   3.872028e-01
191.80000   3.864514e-01
191.90000   3.854443e-01
192.00000   3.841795e-01
192.10000   3.826555e-01
192.20000   3.808702e-01
192.30000   3.788218e-01
192.40000   3.765082e-01
192.50000   3.739272e-01
192.60000   3.710770e-01
192.70000   3.679553e-01
192.80000   3.645600e-01
192.90000   3.608892e-01
193.00000   3.569409e-01
193.10000   3.527132e-01
193.20000   3.482044e-01
193.30000   3.434131e-01
193.40000   3.383380e-01
193.50000   3.329780e-01
193.60000   3.273327e-01
193.70000   3.214018e-01
193.80000   3.151856e-01
193.90000   3.086851e-01
194.00000   3.019019e-01
194.10000   2.948382e-01
194.20000   2.874972e-01
194.30000   2.798830e-01
194.40000   2.720009e-01
194.50000   2.638573e-01
194.60000   2.554599e-01
194.70000   2.468178e-01
194.80000   2.379418e-01
194.90000   2.288444e-01
195.00000   2.195400e-01
195.10000   2.100447e-01
195.20000   2.003771e-01
195.30000   1.905578e-01
195.40000   1.806099e-01
195.50000   1.705588e-01
195.60000   1.604324e-01
195.70000   1.502615e-01
195.80000   1.400791e-01
195.90000   1.299210e-01
196.00000   1.198256e-01
196.10000   1.098337e-01
196.20000   9.998844e-02
196.30000   9.033502e-02
196.40000   8.092060e-02
196.50000   7.179391e-02
196.60000   6.300488e-02
196.70000   5.460422e-02
196.80000   4.664297e-02
196.90000   3.917191e-02
197.00000   3.224105e-02
197.10000   2.589896e-02
197.20000   2.019220e-02
197.30000   1.516460e-02
197.40000   1.085669e-02
197.50000   7.305019e-03
197.60000   4.541626e-03
197.70000   2.593474e-03
197.80000   1.482002e-03
197.90000   1.222749e-03
198.00000   1.825069e-03
198.10000   3.291958e-03
198.20000   5.619980e-03
198.30000   8.799320e-03
198.40000   1.281394e-02
198.50000   1.764183e-02
198.60000   2.325541e-02
198.70000   2.962192e-02
198.80000   3.670399e-02
198.90000   4.446022e-02
199.00000   5.284576e-02
199.10000   6.181302e-02
199.20000   7.131227e-02
199.30000   8.129232e-02
199.40000   9.170116e-02
199.50000   1.024865e-01
199.60000   1.135964e-01
199.70000   1.249798e-01
199.80000   1.365867e-01
199.90000   1.483689e-01
200.00000   1.602801e-01
200.10000   1.722764e-01
200.20000   1.843160e-01
200.30000   1.963600e-01
200.40000   2.083721e-01
200.50000   2.203187e-01
200.60000   2.321688e-01
200.70000   2.438945e-01
200.80000   2.554702e-01
200.90000   2.668730e-01
201.00000   2.780825e-01
201.10000   2.890808e-01
201.20000   2.998518e-01
201.30000   3.103820e-01
201.40000   3.206595e-01
201.50000   3.306742e-01
201.60000   3.404180e-01
201.70000   3.498838e-01
201.80000   3.590662e-01
201.90000   3.679611e-01
202.00000   3.765651e-01
202.10000   3.848762e-01
202.20000   3.928931e-01
202.30000   4.006152e-01
202.40000   4.080426e-01
202.50000   4.151760e-01
202.60000   4.220166e-01
202.70000   4.285660e-01
202.80000   4.348259e-01
202.90000   4.407986e-01
203.00000   4.464864e-01
203.10000   4.518918e-01
203.20000   4.570173e-01
203.30000   4.618656e-01
203.40000   4.664394e-01
203.50000   4.707412e-01
203.60000   4.747737e-01
203.70000   4.785392e-01
203.80000   4.820402e-01
203.90000   4.852789e-01
204.00000   4.882574e-01
204.10000   4.909775e-01
204.20000   4.934411e-01
204.30000   4.956494e-01
204.40000   4.976040e-01
204.50000   4.993057e-01
204.60000   5.007555e-01
204.70000   5.019538e-01
204.80000   5.029011e-01
204.90000   5.035972e-01
205.00000   5.040421e-01
205.10000   5.042351e-01
205.20000   5.041756e-01
205.30000   5.038624e-01
205.40000   5.032941e-01
205.50000   5.024691e-01
205.60000   5.013855e-01
205.70000   5.000411e-01
205.80000   4.984332e-01
205.90000   4.965591e-01
206.00000   4.944158e-01
206.10000   4.919998e-01
206.20000   4.893074e-01
206.30000   4.863348e-01
206.40000   4.830779e-01
206.50000   4.795321e-01
206.60000   4.756929e-01
206.70000   4.715555e-01
206.80000   4.671147e-01
206.90000   4.623656e-01
207.00000   4.573028e-01
207.10000   4.519209e-01
207.20000   4.462146e-01
207.30000   4.401786e-01
207.40000   4.338074e-01
207.50000   4.270961e-01
207.60000   4.200396e-01
207.70000   4.126335e-01
207.80000   4.048735e-01
207.90000   3.967560e-01
208.00000   3.882780e-01
208.10000   3.794375e-01
208.20000   3.702332e-01
208.30000   3.606650e-01
208.40000   3.507343e-01
208.50000   3.404439e-01
208.60000   3.297984e-01
208.70000   3.188044e-01
208.80000   3.074709e-01
208.90000   2.958093e-01
209.00000   2.838340e-01
209.10000   2.715625e-01
209.20000   2.590156e-01
209.30000   2.462181e-01
209.40000   2.331987e-01
209.50000   2.199905e-01
209.60000   2.066311e-01
209.70000   1.931628e-01
209.80000   1.796331e-01
209.90000   1.660942e-01
210.00000   1.526037e-01
210.10000   1.392238e-01
210.20000   1.260217e-01
210.30000   1.130689e-01
210.40000   1.004410e-01
210.50000   8.821697e-02
210.60000   7.647824e-02
210.70000   6.530811e-02
210.80000   5.479048e-02
210.90000   4.500874e-02
211.00000   3.604449e-02
211.10000   2.797613e-02
211.20000   2.087750e-02
211.30000   1.481642e-02
211.40000   9.853327e-03
211.50000   6.040012e-03
211.60000   3.418463e-03
211.70000   2.019915e-03
211.80000   1.864113e-03
211.90000   2.958840e-03
212.00000   5.299714e-03
212.10000   8.870276e-03
212.20000   1.364235e-02
212.30000   1.957669e-02
212.40000   2.662384e-02
212.50000   3.472520e-02
212.60000   4.381430e-02
212.70000   5.381812e-02
212.80000   6.465851e-02
212.90000   7.625365e-02
213.00000   8.851941e-02
213.10000   1.013707e-01
213.20000   1.147228e-01
213.30000   1.284924e-01
213.40000   1.425984e-01
213.50000   1.569632e-01
213.60000   1.715129e-01
213.70000   1.861781e-01
213.80000   2.008942e-01
213.90000   2.156016e-01
214.00000   2.302459e-01
214.10000   2.447779e-01
214.20000   2.591535e-01
214.30000   2.733337e-01
214.40000   2.872839e-01
214.50000   3.009746e-01
214.60000   3.143801e-01
214.70000   3.274789e-01
214.80000   3.402531e-01
214.90000   3.526881e-01
215.00000   3.647723e-01
215.10000   3.764969e-01
215.20000   3.878555e-01
215.30000   3.988439e-01
215.40000   4.094596e-01
215.50000   4.197019e-01
215.60000   4.295716e-01
215.70000   4.390705e-01
215.80000   4.482016e-01
215.90000   4.569686e-01
216.00000   4.653760e-01
216.10000   4.734289e-01
216.20000   4.811328e-01
216.30000   4.884934e-01
216.40000   4.955169e-01
216.50000   5.022095e-01
216.60000   5.085773e-01
216.70000   5.146268e-01
216.80000   5.203641e-01
216.90000   5.257954e-01
217.00000   5.309267e-01
217.10000   5.357638e-01
217.20000   5.403124e-01
217.30000   5.445779e-01
217.40000   5.485654e-01
217.50000   5.522797e-01
217.60000   5.557256e-01
217.70000   5.589072e-01
217.80000   5.618285e-01
217.90000   5.644932e-01
218.00000   5.669046e-01
218.10000   5.690656e-01
218.20000   5.709790e-01
218.30000   5.726470e-01
218.40000   5.740715e-01
218.50000   5.752542e-01
218.60000   5.761962e-01
218.70000   5.768985e-01
218.80000   5.773615e-01
218.90000   5.775854e-01
219.00000   5.775700e-01
219.10000   5.773145e-01
219.20000   5.768182e-01
219.30000   5.760796e-01
219.40000   5.750970e-01
219.50000   5.738683e-01
219.60000   5.723910e-01
219.70000   5.706622e-01
219.80000   5.686787e-01
219.90000   5.664368e-01
220.00000   5.639324e-01
220.10000   5.611613e-01
220.20000   5.581186e-01
220.30000   5.547990e-01
220.40000   5.511971e-01
220.50000   5.473069e-01
220.60000   5.431221e-01
220.70000   5.386362e-01
220.80000   5.338420e-01
220.90000   5.287324e-01
221.00000   5.232998e-01
221.10000   5.175364e-01
221.20000   5.114341e-01
221.30000   5.049848e-01
221.40000   4.981800e-01
221.50000   4.910115e-01
221.60000   4.834707e-01
221.70000   4.755495e-01
221.80000   4.672398e-01
221.90000   4.585339e-01
222.00000   4.494244e-01
222.10000   4.399047e-01
222.20000   4.299690e-01
222.30000   4.196124e-01
222.40000   4.088312e-01
222.50000   3.976232e-01
222.60000   3.859882e-01
222.70000   3.739277e-01
222.80000   3.614459e-01
222.90000   3.485496e-01
223.00000   3.352491e-01
223.10000   3.215579e-01
223.20000   3.074941e-01
223.30000   2.930798e-01
223.40000   2.783426e-01
223.50000   2.633152e-01
223.60000   2.480366e-01
223.70000   2.325519e-01
223.80000   2.169131e-01
223.90000   2.011792e-01
224.00000   1.854162e-01
224.10000   1.696978e-01
224.20000   1.541046e-01
224.30000   1.387242e-01
224.40000   1.236507e-01
224.50000   1.089839e-01
224.60000   9.482836e-02
224.70000   8.129227e-02
224.80000   6.848591e-02
224.90000   5.651996e-02
225.00000   4.550360e-02
225.10000   3.554246e-02
225.20000   2.673643e-02
225.30000   1.917745e-02
225.40000   1.294739e-02
225.50000   8.116023e-03
225.60000   4.739218e-03
225.70000   2.857491e-03
225.80000   2.494894e-03
225.90000   3.658345e-03
226.00000   6.337433e-03
226.10000   1.050470e-02
226.20000   1.611637e-02
226.30000   2.311354e-02
226.40000   3.142370e-02
226.50000   4.096258e-02
226.60000   5.163617e-02
226.70000   6.334293e-02
226.80000   7.597597e-02
226.90000   8.942522e-02
227.00000   1.035795e-01
227.10000   1.183283e-01
227.20000   1.335636e-01
227.30000   1.491812e-01
227.40000   1.650820e-01
227.50000   1.811727e-01
227.60000   1.973667e-01
227.70000   2.135845e-01
227.80000   2.297537e-01
227.90000   2.458095e-01
228.00000   2.616942e-01
228.10000   2.773571e-01
228.20000   2.927543e-01
228.30000   3.078484e-01
228.40000   3.226077e-01
228.50000   3.370061e-01
228.60000   3.510222e-01
228.70000   3.646395e-01
228.80000   3.778452e-01
228.90000   3.906303e-01
229.00000   4.029888e-01
229.10000   4.149175e-01
229.20000   4.264155e-01
229.30000   4.374840e-01
229.40000   4.481260e-01
229.50000   4.583458e-01
229.60000   4.681489e-01
229.70000   4.775417e-01
229.80000   4.865315e-01
229.90000   4.951262e-01
230.00000   5.033338e-01
230.10000   5.111631e-01
230.20000   5.186226e-01
230.30000   5.257212e-01
230.40000   5.324677e-01
230.50000   5.388707e-01
230.60000   5.449389e-01
230.70000   5.506805e-01
230.80000   5.561037e-01
230.90000   5.612164e-01
231.00000   5.660261e-01
231.10000   5.705401e-01
231.20000   5.747653e-01
231.30000   5.787080e-01
231.40000   5.823747e-01
231.50000   5.857709e-01
231.60000   5.889021e-01
231.70000   5.917733e-01
231.80000   5.943892e-01
231.90000   5.967538e-01
232.00000   5.988710e-01
232.10000   6.007443e-01
232.20000   6.023767e-01
232.30000   6.037707e-01
232.40000   6.049286e-01
232.50000   6.058523e-01
232.60000   6.065431e-01
232.70000   6.070021e-01
232.80000   6.072300e-01
232.90000   6.072270e-01
233.00000   6.069929e-01
233.10000   6.065272e-01
233.20000   6.058291e-01
233.30000   6.048971e-01
233.40000   6.037296e-01
233.50000   6.023243e-01
233.60000   6.006789e-01
233.70000   5.987903e-01
233.80000   5.966553e-01
233.90000   5.942700e-01
234.00000   5.916305e-01
234.10000   5.887320e-01
234.20000   5.855697e-01
234.30000   5.821381e-01
234.40000   5.784316e-01
234.50000   5.744441e-01
234.60000   5.701688e-01
234.70000   5.655990e-01
234.80000   5.607272e-01
234.90000   5.555460e-01
235.00000   5.500472e-01
235.10000   5.442226e-01
235.20000   5.380637e-01
235.30000   5.315616e-01
235.40000   5.247073e-01
235.50000   5.174917e-01
235.60000   5.099055e-01
235.70000   5.019397e-01
235.80000   4.935851e-01
235.90000   4.848328e-01
236.00000   4.756743e-01
236.10000   4.661015e-01
236.20000   4.561070e-01
236.30000   4.456842e-01
236.40000   4.348277e-01
236.50000   4.235332e-01
236.60000   4.117981e-01
236.70000   3.996217e-01
236.80000   3.870054e-01
236.90000   3.739533e-01
237.00000   3.604727e-01
237.10000   3.465739e-01
237.20000   3.322714e-01
237.30000   3.175841e-01
237.40000   3.025356e-01
237.50000   2.871552e-01
237.60000   2.714778e-01
237.70000   2.555449e-01
237.80000   2.394046e-01
237.90000   2.231125e-01
238.00000   2.067315e-01
238.10000   1.903322e-01
238.20000   1.739930e-01
238.30000   1.577996e-01
238.40000   1.418452e-01
238.50000   1.262296e-01
238.60000   1.110582e-01
238.70000   9.644139e-02
238.80000   8.249262e-02
238.90000   6.932715e-02
239.00000   5.706002e-02
239.10000   4.580394e-02
239.20000   3.566711e-02
239.30000   2.675083e-02
239.40000   1.914722e-02
239.50000   1.293696e-02
239.60000   8.187274e-03
239.70000   4.950121e-03
239.80000   3.260824e-03
239.90000   3.137093e-03
240.00000   4.578538e-03
240.10000   7.566695e-03
240.20000   1.206555e-02
240.30000   1.802256e-02
240.40000   2.537006e-02
240.50000   3.402708e-02
240.60000   4.390142e-02
240.70000   5.489184e-02
240.80000   6.689041e-02
240.90000   7.978484e-02
241.00000   9.346067e-02
241.10000   1.078034e-01
241.20000   1.227002e-01
241.30000   1.380417e-01
241.40000   1.537233e-01
241.50000   1.696461e-01
241.60000   1.857179e-01
241.70000   2.018537e-01
241.80000   2.179758e-01
241.90000   2.340144e-01
242.00000   2.499071e-01
242.10000   2.655990e-01
242.20000   2.810422e-01
242.30000   2.961957e-01
242.40000   3.110246e-01
242.50000   3.255000e-01
242.60000   3.395981e-01
242.70000   3.533002e-01
242.80000   3.665917e-01
242.90000   3.794619e-01
243.00000   3.919036e-01
243.10000   4.039123e-01
243.20000   4.154864e-01
243.30000   4.266263e-01
243.40000   4.373342e-01
243.50000   4.476140e-01
243.60000   4.574708e-01
243.70000   4.669109e-01
243.80000   4.759413e-01
243.90000   4.845697e-01
244.00000   4.928042e-01
244.10000   5.006534e-01
244.20000   5.081259e-01
244.30000   5.152306e-01
244.40000   5.219764e-01
244.50000   5.283721e-01
244.60000   5.344262e-01
244.70000   5.401474e-01
244.80000   5.455438e-01
244.90000   5.506235e-01
245.00000   5.553942e-01
245.10000   5.598632e-01
245.20000   5.640375e-01
245.30000   5.679239e-01
245.40000   5.715286e-01
245.50000   5.748576e-01
245.60000   5.779165e-01
245.70000   5.807102e-01
245.80000   5.832437e-01
245.90000   5.855213e-01
246.00000   5.875469e-01
246.10000   5.893242e-01
246.20000   5.908562e-01
246.30000   5.921458e-01
246.40000   5.931954e-01
246.50000   5.940070e-01
246.60000   5.945822e-01
246.70000   5.949222e-01
246.80000   5.950278e-01
246.90000   5.948997e-01
247.00000   5.945377e-01
247.10000   5.939417e-01
247.20000   5.931111e-01
247.30000   5.920446e-01
247.40000   5.907410e-01
247.50000   5.891985e-01
247.60000   5.874148e-01
247.70000   5.853876e-01
247.80000   5.831138e-01
247.90000   5.805902e-01
248.00000   5.778133e-01
248.10000   5.747790e-01
248.20000   5.714830e-01
248.30000   5.679206e-01
248.40000   5.640868e-01
248.50000   5.599763e-01
248.60000   5.555834e-01
248.70000   5.509022e-01
248.80000   5.459263e-01
248.90000   5.406493e-01
249.00000   5.350644e-01
249.10000   5.291647e-01
249.20000   5.229429e-01
249.30000   5.163919e-01
249.40000   5.095044e-01
249.50000   5.022728e-01
249.60000   4.946901e-01
249.70000   4.867489e-01
249.80000   4.784423e-01
249.90000   4.697636e-01
250.00000   4.607068e-01
250.10000   4.512662e-01
250.20000   4.414369e-01
250.30000   4.312149e-01
250.40000   4.205975e-01
250.50000   4.095830e-01
250.60000   3.981714e-01
250.70000   3.863645e-01
250.80000   3.741663e-01
250.90000   3.615829e-01
251.00000   3.486233e-01
251.10000   3.352996e-01
251.20000   3.216271e-01
251.30000   3.076251e-01
251.40000   2.933168e-01
251.50000   2.787302e-01
251.60000   2.638978e-01
251.70000   2.488577e-01
251.80000   2.336530e-01
251.90000   2.183330e-01
252.00000   2.029526e-01
252.10000   1.875726e-01
252.20000   1.722599e-01
252.30000   1.570870e-01
252.40000   1.421320e-01
252.50000   1.274777e-01
252.60000   1.132114e-01
252.70000   9.942387e-02
252.80000   8.620821e-02
252.90000   7.365883e-02
253.00000   6.186998e-02
253.10000   5.093430e-02
253.20000   4.094115e-02
253.30000   3.197500e-02
253.40000   2.411369e-02
253.50000   1.742683e-02
253.60000   1.197426e-02
253.70000   7.804702e-03
253.80000   4.954600e-03
253.90000   3.447281e-03
254.00000   3.292391e-03
254.10000   4.485686e-03
254.20000   7.009160e-03
254.30000   1.083151e-02
254.40000   1.590893e-02
254.50000   2.218616e-02
254.60000   2.959782e-02
254.70000   3.806986e-02
254.80000   4.752115e-02
254.90000   5.786520e-02
255.00000   6.901176e-02
255.10000   8.086846e-02
255.20000   9.334231e-02
255.30000   1.063411e-01
255.40000   1.197747e-01
255.50000   1.335560e-01
255.60000   1.476017e-01
255.70000   1.618333e-01
255.80000   1.761774e-01
255.90000   1.905660e-01
256.00000   2.049369e-01
256.10000   2.192337e-01
256.20000   2.334055e-01
256.30000   2.474073e-01
256.40000   2.611992e-01
256.50000   2.747467e-01
256.60000   2.880199e-01
256.70000   3.009935e-01
256.80000   3.136463e-01
256.90000   3.259609e-01
257.00000   3.379233e-01
257.10000   3.495226e-01
257.20000   3.607507e-01
257.30000   3.716018e-01
257.40000   3.820724e-01
257.50000   3.921608e-01
257.60000   4.018669e-01
257.70000   4.111920e-01
257.80000   4.201384e-01
257.90000   4.287097e-01
258.00000   4.369100e-01
258.10000   4.447442e-01
258.20000   4.522177e-01
258.30000   4.593363e-01
258.40000   4.661058e-01
258.50000   4.725327e-01
258.60000   4.786233e-01
258.70000   4.843839e-01
258.80000   4.898208e-01
258.90000   4.949404e-01
259.00000   4.997487e-01
259.10000   5.042519e-01
259.20000   5.084556e-01
259.30000   5.123655e-01
259.40000   5.159869e-01
259.50000   5.193249e-01
259.60000   5.223842e-01
259.70000   5.251694e-01
259.80000   5.276847e-01
259.90000   5.299339e-01
260.00000   5.319207e-01
260.10000   5.336483e-01
260.20000   5.351196e-01
260.30000   5.363374e-01
260.40000   5.373039e-01
260.50000   5.380211e-01
260.60000   5.384906e-01
260.70000   5.387139e-01
260.80000   5.386918e-01
260.90000   5.384252e-01
261.00000   5.379144e-01
261.10000   5.371595e-01
261.20000   5.361603e-01
261.30000   5.349163e-01
261.40000   5.334267e-01
261.50000   5.316904e-01
261.60000   5.297059e-01
261.70000   5.274717e-01
261.80000   5.249858e-01
261.90000   5.222461e-01
262.00000   5.192500e-01
262.10000   5.159950e-01
262.20000   5.124782e-01
262.30000   5.086965e-01
262.40000   5.046465e-01
262.50000   5.003250e-01
262.60000   4.957282e-01
262.70000   4.908525e-01
262.80000   4.856941e-01
262.90000   4.802491e-01
263.00000   4.745137e-01
263.10000   4.684840e-01
263.20000   4.621562e-01
263.30000   4.555267e-01
263.40000   4.485921e-01
263.50000   4.413490e-01
263.60000   4.337947e-01
263.70000   4.259266e-01
263.80000   4.177427e-01
263.90000   4.092416e-01
264.00000   4.004226e-01
264.10000   3.912858e-01
264.20000   3.818323e-01
264.30000   3.720641e-01
264.40000   3.619847e-01
264.50000   3.515988e-01
264.60000   3.409126e-01
264.70000   3.299342e-01
264.80000   3.186734e-01
264.90000   3.071423e-01
265.00000   2.953551e-01
265.10000   2.833284e-01
265.20000   2.710817e-01
265.30000   2.586370e-01
265.40000   2.460193e-01
265.50000   2.332570e-01
265.60000   2.203814e-01
265.70000   2.074273e-01
265.80000   1.944327e-01
265.90000   1.814390e-01
266.00000   1.684910e-01
266.10000   1.556366e-01
266.20000   1.429267e-01
266.30000   1.304151e-01
266.40000   1.181578e-01
266.50000   1.062132e-01
266.60000   9.464078e-02
266.70000   8.350133e-02
266.80000   7.285586e-02
266.90000   6.276500e-02
267.00000   5.328825e-02
267.10000   4.448317e-02
267.20000   3.640454e-02
267.30000   2.910355e-02
267.40000   2.262697e-02
267.50000   1.701638e-02
267.60000   1.230748e-02
267.70000   8.529426e-03
267.80000   5.704366e-03
267.90000   3.847004e-03
268.00000   2.964363e-03
268.10000   3.055667e-03
268.20000   4.112381e-03
268.30000   6.118391e-03
268.40000   9.050332e-03
268.50000   1.287804e-02
268.60000   1.756512e-02
268.70000   2.306959e-02
268.80000   2.934464e-02
268.90000   3.633939e-02
269.00000   4.399973e-02
269.10000   5.226909e-02
269.20000   6.108927e-02
269.30000   7.040121e-02
269.40000   8.014571e-02
269.50000   9.026405e-02
269.60000   1.006986e-01
269.70000   1.113935e-01
269.80000   1.222947e-01
269.90000   1.333507e-01
270.00000   1.445127e-01
270.10000   1.557348e-01
270.20000   1.669742e-01
270.30000   1.781910e-01
270.40000   1.893488e-01
270.50000   2.004142e-01
270.60000   2.113568e-01
270.70000   2.221494e-01
270.80000   2.327676e-01
270.90000   2.431896e-01
271.00000   2.533964e-01
271.10000   2.633713e-01
271.20000   2.731001e-01
271.30000   2.825704e-01
271.40000   2.917719e-01
271.50000   3.006960e-01
271.60000   3.093356e-01
271.70000   3.176853e-01
271.80000   3.257407e-01
271.90000   3.334988e-01
272.00000   3.409573e-01
272.10000   3.481152e-01
272.20000   3.549719e-01
272.30000   3.615277e-01
272.40000   3.677834e-01
272.50000   3.737402e-01
272.60000   3.793999e-01
272.70000   3.847644e-01
272.80000   3.898362e-01
272.90000   3.946176e-01
273.00000   3.991114e-01
273.10000   4.033203e-01
273.20000   4.072471e-01
273.30000   4.108948e-01
273.40000   4.142661e-01
273.50000   4.173639e-01
273.60000   4.201910e-01
273.70000   4.227500e-01
273.80000   4.250436e-01
273.90000   4.270743e-01
274.00000   4.288443e-01
274.10000   4.303560e-01
274.20000   4.316114e-01
274.30000   4.326125e-01
274.40000   4.333610e-01
274.50000   4.338585e-01
274.60000   4.341065e-01
274.70000   4.341063e-01
274.80000   4.338591e-01
274.90000   4.333657e-01
275.00000   4.326271e-01
275.10000   4.316438e-01
275.20000   4.304166e-01
275.30000   4.289456e-01
275.40000   4.272312e-01
275.50000   4.252736e-01
275.60000   4.230728e-01
275.70000   4.206288e-01
275.80000   4.179414e-01
275.90000   4.150104e-01
276.00000   4.118357e-01
276.10000   4.084169e-01
276.20000   4.047538e-01
276.30000   4.008462e-01
276.40000   3.966938e-01
276.50000   3.922966e-01
276.60000   3.876544e-01
276.70000   3.827674e-01
276.80000   3.776359e-01
276.90000   3.722602e-01
277.00000   3.666412e-01
277.10000   3.607797e-01
277.20000   3.546772e-01
277.30000   3.483351e-01
277.40000   3.417558e-01
277.50000   3.349418e-01
277.60000   3.278961e-01
277.70000   3.206224e-01
277.80000   3.131253e-01
277.90000   3.054096e-01
278.00000   2.974813e-01
278.10000   2.893470e-01
278.20000   2.810144e-01
278.30000   2.724920e-01
278.40000   2.637894e-01
278.50000   2.549174e-01
278.60000   2.458877e-01
278.70000   2.367135e-01
278.80000   2.274092e-01
278.90000   2.179903e-01
279.00000   2.084739e-01
279.10000   1.988785e-01
279.20000   1.892236e-01
279.30000   1.795306e-01
279.40000   1.698219e-01
279.50000   1.601214e-01
279.60000   1.504543e-01
279.70000   1.408469e-01
279.80000   1.313269e-01
279.90000   1.219228e-01
280.00000   1.126641e-01
280.10000   1.035809e-01
280.20000   9.470403e-02
280.30000   8.606465e-02
280.40000   7.769400e-02
280.50000   6.962326e-02
280.60000   6.188323e-02
280.70000   5.450411e-02
280.80000   4.751517e-02
280.90000   4.094450e-02
281.00000   3.481873e-02
281.10000   2.916272e-02
281.20000   2.399933e-02
281.30000   1.934913e-02
281.40000   1.523017e-02
281.50000   1.165782e-02
281.60000   8.644512e-03
281.70000   6.199662e-03
281.80000   4.329530e-03
281.90000   3.037161e-03
282.00000   2.322358e-03
282.10000   2.181696e-03
282.20000   2.608579e-03
282.30000   3.593336e-03
282.40000   5.123351e-03
282.50000   7.183236e-03
282.60000   9.755020e-03
282.70000   1.281838e-02
282.80000   1.635087e-02
282.90000   2.032821e-02
283.00000   2.472452e-02
283.10000   2.951260e-02
283.20000   3.466425e-02
283.30000   4.015045e-02
283.40000   4.594173e-02
283.50000   5.200834e-02
283.60000   5.832051e-02
283.70000   6.484867e-02
283.80000   7.156366e-02
283.90000   7.843690e-02
284.00000   8.544051e-02
284.10000   9.254750e-02
284.20000   9.973188e-02
284.30000   1.069687e-01
284.40000   1.142342e-01
284.50000   1.215057e-01
284.60000   1.287620e-01
284.70000   1.359829e-01
284.80000   1.431496e-01
284.90000   1.502447e-01
285.00000   1.572517e-01
285.10000   1.641556e-01
285.20000   1.709426e-01
285.30000   1.775999e-01
285.40000   1.841159e-01
285.50000   1.904800e-01
285.60000   1.966827e-01
285.70000   2.027153e-01
285.80000   2.085702e-01
285.90000   2.142403e-01
286.00000   2.197197e-01
286.10000   2.250030e-01
286.20000   2.300855e-01
286.30000   2.349631e-01
286.40000   2.396324e-01
286.50000   2.440903e-01
286.60000   2.483343e-01
286.70000   2.523625e-01
286.80000   2.561731e-01
286.90000   2.597650e-01
287.00000   2.631370e-01
287.10000   2.662885e-01
287.20000   2.692191e-01
287.30000   2.719287e-01
287.40000   2.744172e-01
287.50000   2.766848e-01
287.60000   2.787320e-01
287.70000   2.805592e-01
287.80000   2.821670e-01
287.90000   2.835563e-01
288.00000   2.847279e-01
288.10000   2.856827e-01
288.20000   2.864217e-01
288.30000   2.869461e-01
288.40000   2.872570e-01
288.50000   2.873557e-01
288.60000   2.872434e-01
288.70000   2.869215e-01
288.80000   2.863914e-01
288.90000   2.856545e-01
289.00000   2.847125e-01
289.10000   2.835668e-01
289.20000   2.822191e-01
289.30000   2.806713e-01
289.40000   2.789250e-01
289.50000   2.769822e-01
289.60000   2.748449e-01
289.70000   2.725152e-01
289.80000   2.699954e-01
289.90000   2.672877e-01
290.00000   2.643948e-01
290.10000   2.613192e-01
290.20000   2.580638e-01
290.30000   2.546316e-01
290.40000   2.510257e-01
290.50000   2.472497e-01
290.60000   2.433070e-01
290.70000   2.392017e-01
290.80000   2.349379e-01
290.90000   2.305199e-01
291.00000   2.259524e-01
291.10000   2.212406e-01
291.20000   2.163896e-01
291.30000   2.114053e-01
291.40000   2.062935e-01
291.50000   2.010607e-01
291.60000   1.957137e-01
291.70000   1.902596e-01
291.80000   1.847058e-01
291.90000   1.790605e-01
292.00000   1.733319e-01
292.10000   1.675287e-01
292.20000   1.616602e-01
292.30000   1.557359e-01
292.40000   1.497659e-01
292.50000   1.437604e-01
292.60000   1.377302e-01
292.70000   1.316866e-01
292.80000   1.256408e-01
292.90000   1.196047e-01
293.00000   1.135904e-01
293.10000   1.076102e-01
293.20000   1.016767e-01
293.30000   9.580257e-02
293.40000   9.000067e-02
293.50000   8.428398e-02
293.60000   7.866546e-02
293.70000   7.315807e-02
293.80000   6.777467e-02
293.90000   6.252798e-02
294.00000   5.743049e-02
294.10000   5.249443e-02
294.20000   4.773166e-02
294.30000   4.315365e-02
294.40000   3.877135e-02
294.50000   3.459519e-02
294.60000   3.063496e-02
294.70000   2.689979e-02
294.80000   2.339806e-02
294.90000   2.013738e-02
295.00000   1.712450e-02
295.10000   1.436528e-02
295.20000   1.186467e-02
295.30000   9.626672e-03
295.40000   7.654294e-03
295.50000   5.949555e-03
295.60000   4.513469e-03
295.70000   3.346040e-03
295.80000   2.446275e-03
295.90000   1.812188e-03
296.00000   1.440831e-03
296.10000   1.328314e-03
296.20000   1.469841e-03
296.30000   1.859755e-03
296.40000   2.491577e-03
296.50000   3.358063e-03
296.60000   4.451256e-03
296.70000   5.762545e-03
296.80000   7.282726e-03
296.90000   9.002067e-03
297.00000   1.091037e-02
297.10000   1.299704e-02
297.20000   1.525115e-02
297.30000   1.766150e-02
297.40000   2.021668e-02
297.50000   2.290513e-02
297.60000   2.571523e-02
297.70000   2.863531e-02
297.80000   3.165371e-02
297.90000   3.475887e-02
298.00000   3.793933e-02
298.10000   4.118381e-02
298.20000   4.448119e-02
298.30000   4.782064e-02
298.40000   5.119155e-02
298.50000   5.458363e-02
298.60000   5.798688e-02
298.70000   6.139167e-02
298.80000   6.478870e-02
298.90000   6.816904e-02
299.00000   7.152414e-02
299.10000   7.484582e-02
299.20000   7.812632e-02
299.30000   8.135823e-02
299.40000   8.453456e-02
299.50000   8.764870e-02
299.60000   9.069443e-02
299.70000   9.366591e-02
299.80000   9.655767e-02
299.90000   9.936461e-02
300.00000   1.020820e-01
300.10000   1.047054e-01
300.20000   1.072309e-01
300.30000   1.096546e-01
300.40000   1.119733e-01
300.50000   1.141837e-01
300.60000   1.162832e-01
300.70000   1.182692e-01
300.80000   1.201395e-01
300.90000   1.218922e-01
301.00000   1.235255e-01
301.10000   1.250380e-01
301.20000   1.264285e-01
301.30000   1.276960e-01
301.40000   1.288397e-01
301.50000   1.298592e-01
301.60000   1.307539e-01
301.70000   1.315239e-01
301.80000   1.321691e-01
301.90000   1.326897e-01
302.00000   1.330862e-01
302.10000   1.333590e-01
302.20000   1.335089e-01
302.30000   1.335369e-01
302.40000   1.334439e-01
302.50000   1.332311e-01
302.60000   1.328999e-01
302.70000   1.324517e-01
302.80000   1.318882e-01
302.90000   1.312111e-01
303.00000   1.304224e-01
303.10000   1.295240e-01
303.20000   1.285182e-01
303.30000   1.274072e-01
303.40000   1.261934e-01
303.50000   1.248793e-01
303.60000   1.234677e-01
303.70000   1.219613e-01
303.80000   1.203631e-01
303.90000   1.186759e-01
304.00000   1.169031e-01
304.10000   1.150477e-01
304.20000   1.131133e-01
304.30000   1.111032e-01
304.40000   1.090211e-01
304.50000   1.068706e-01
304.60000   1.046554e-01
304.70000   1.023795e-01
304.80000   1.000469e-01
304.90000   9.766153e-02
305.00000   9.522758e-02
305.10000   9.274926e-02
305.20000   9.023084e-02
305.30000   8.767668e-02
305.40000   8.509119e-02
305.50000   8.247882e-02
305.60000   7.984407e-02
305.70000   7.719149e-02
305.80000   7.452563e-02
305.90000   7.185108e-02
306.00000   6.917243e-02
306.10000   6.649428e-02
306.20000   6.382120e-02
306.30000   6.115774e-02
306.40000   5.850845e-02
306.50000   5.587779e-02
306.60000   5.327019e-02
306.70000   5.069002e-02
306.80000   4.814155e-02
306.90000   4.562898e-02
307.00000   4.315639e-02
307.10000   4.072777e-02
307.20000   3.834696e-02
307.30000   3.601768e-02
307.40000   3.374350e-02
307.50000   3.152784e-02
307.60000   2.937394e-02
307.70000   2.728486e-02
307.80000   2.526350e-02
307.90000   2.331253e-02
308.00000   2.143445e-02
308.10000   1.963153e-02
308.20000   1.790583e-02
308.30000   1.625920e-02
308.40000   1.469325e-02
308.50000   1.320938e-02
308.60000   1.180873e-02
308.70000   1.049224e-02
308.80000   9.260605e-03
308.90000   8.114275e-03
309.00000   7.053483e-03
309.10000   6.078230e-03
309.20000   5.188290e-03
309.30000   4.383215e-03
309.40000   3.662343e-03
309.50000   3.024799e-03
309.60000   2.469504e-03
309.70000   1.995184e-03
309.80000   1.600374e-03
309.90000   1.283431e-03
310.00000   1.042541e-03
310.10000   8.757284e-04
310.20000   7.808676e-04
310.30000   7.556925e-04
310.40000   7.978075e-04
310.50000   9.046990e-04
310.60000   1.073746e-03
310.70000   1.302232e-03
310.80000   1.587356e-03
310.90000   1.926243e-03
311.00000   2.315958e-03
311.10000   2.753513e-03
311.20000   3.235882e-03
311.30000   3.760008e-03
311.40000   4.322815e-03
311.50000   4.921220e-03
311.60000   5.552140e-03
311.70000   6.212500e-03
311.80000   6.899246e-03
311.90000   7.609351e-03
312.00000   8.339824e-03
312.10000   9.087715e-03
312.20000   9.850126e-03
312.30000   1.062421e-02
312.40000   1.140720e-02
312.50000   1.219638e-02
312.60000   1.298910e-02
312.70000   1.378281e-02
312.80000   1.457504e-02
312.90000   1.536339e-02
313.00000   1.614557e-02
313.10000   1.691936e-02
313.20000   1.768265e-02
313.30000   1.843343e-02
313.40000   1.916977e-02
313.50000   1.988986e-02
313.60000   2.059200e-02
313.70000   2.127455e-02
313.80000   2.193601e-02
313.90000   2.257498e-02
314.00000   2.319014e-02
314.10000   2.378030e-02
314.20000   2.434434e-02
314.30000   2.488127e-02
314.40000   2.539018e-02
314.50000   2.587027e-02
314.60000   2.632083e-02
314.70000   2.674123e-02
314.80000   2.713097e-02
314.90000   2.748962e-02
315.00000   2.781682e-02
315.10000   2.811233e-02
315.20000   2.837597e-02
315.30000   2.860766e-02
315.40000   2.880740e-02
315.50000   2.897525e-02
315.60000   2.911135e-02
315.70000   2.921592e-02
315.80000   2.928925e-02
315.90000   2.933168e-02
316.00000   2.934364e-02
316.10000   2.932560e-02
316.20000   2.927809e-02
316.30000   2.920170e-02
316.40000   2.909707e-02
316.50000   2.896489e-02
316.60000   2.880590e-02
316.70000   2.862086e-02
316.80000   2.841061e-02
316.90000   2.817600e-02
317.00000   2.791791e-02
317.10000   2.763726e-02
317.20000   2.733500e-02
317.30000   2.701210e-02
317.40000   2.666956e-02
317.50000   2.630839e-02
317.60000   2.592961e-02
317.70000   2.553428e-02
317.80000   2.512344e-02
317.90000   2.469815e-02
318.00000   2.425948e-02
318.10000   2.380849e-02
318.20000   2.334625e-02
318.30000   2.287382e-02
318.40000   2.239226e-02
318.50000   2.190262e-02
318.60000   2.140593e-02
318.70000   2.090323e-02
318.80000   2.039551e-02
318.90000   1.988378e-02
319.00000   1.936901e-02
319.10000   1.885215e-02
319.20000   1.833412e-02
319.30000   1.781584e-02
319.40000   1.729818e-02
319.50000   1.678199e-02
319.60000   1.626809e-02
319.70000   1.575726e-02
319.80000   1.525027e-02
319.90000   1.474784e-02
320.00000   1.425066e-02
320.10000   1.375939e-02
320.20000   1.327463e-02
320.30000   1.279699e-02
320.40000   1.232700e-02
320.50000   1.186517e-02
320.60000   1.141198e-02
320.70000   1.096786e-02
320.80000   1.053320e-02
320.90000   1.010838e-02
321.00000   9.693716e-03
321.10000   9.289492e-03
321.20000   8.895962e-03
321.30000   8.513341e-03
321.40000   8.141811e-03
321.50000   7.781520e-03
321.60000   7.432581e-03
321.70000   7.095075e-03
321.80000   6.769053e-03
321.90000   6.454534e-03
322.00000   6.151509e-03
322.10000   5.859942e-03
322.20000   5.579767e-03
322.30000   5.310895e-03
322.40000   5.053212e-03
322.50000   4.806582e-03
322.60000   4.570847e-03
322.70000   4.345829e-03
322.80000   4.131331e-03
322.90000   3.927139e-03
323.00000   3.733024e-03
323.10000   3.548741e-03
323.20000   3.374033e-03
323.30000   3.208633e-03
323.40000   3.052261e-03
323.50000   2.904630e-03
323.60000   2.765446e-03
323.70000   2.634406e-03
323.80000   2.511206e-03
323.90000   2.395535e-03
324.00000   2.287082e-03
324.10000   2.185533e-03
324.20000   2.090574e-03
324.30000   2.001893e-03
324.40000   1.919178e-03
324.50000   1.842122e-03
324.60000   1.770419e-03
324.70000   1.703769e-03
324.80000   1.641877e-03
324.90000   1.584452e-03
325.00000   1.531214e-03
325.10000   1.481885e-03
325.20000   1.436198e-03
325.30000   1.393893e-03
325.40000   1.354718e-03
325.50000   1.318430e-03
325.60000   1.284797e-03
325.70000   1.253594e-03
325.80000   1.224606e-03
325.90000   1.197630e-03
326.00000   1.172469e-03
326.10000   1.148941e-03
326.20000   1.126868e-03
326.30000   1.106088e-03
326.40000   1.086443e-03
326.50000   1.067790e-03
326.60000   1.049991e-03
326.70000   1.032921e-03
326.80000   1.016461e-03
326.90000   1.000505e-03
327.00000   9.849518e-04
327.10000   9.697105e-04
327.20000   9.546983e-04
327.30000   9.398399e-04
327.40000   9.250677e-04
327.50000   9.103215e-04
327.60000   8.955477e-04
327.70000   8.806993e-04
327.80000   8.657357e-04
327.90000   8.506219e-04
328.00000   8.353286e-04
328.10000   8.198318e-04
328.20000   8.041121e-04
328.30000   7.881550e-04
328.40000   7.719500e-04
328.50000   7.554907e-04
328.60000   7.387744e-04
328.70000   7.218018e-04
328.80000   7.045769e-04
328.90000   6.871066e-04
329.00000   6.694006e-04
329.10000   6.514711e-04
329.20000   6.333330e-04
329.30000   6.150031e-04
329.40000   5.965007e-04
329.50000   5.778472e-04
329.60000   5.590656e-04
329.70000   5.401814e-04
329.80000   5.212215e-04
329.90000   5.022152e-04
