50.00000 0.84512
51.00000 0.83912
52.00000 0.83304
53.00000 0.82689
54.00000 0.82068
55.00000 0.81439
56.00000 0.80804
57.00000 0.80163
58.00000 0.79515
59.00000 0.78862
60.00000 0.78203
61.00000 0.77539
62.00000 0.76869
63.00000 0.76195
64.00000 0.75516
65.00000 0.74833
66.00000 0.74145
67.00000 0.73454
68.00000 0.72758
69.00000 0.72059
70.00000 0.71357
71.00000 0.70652
72.00000 0.69944
73.00000 0.69234
74.00000 0.68521
75.00000 0.67806
76.00000 0.66078
77.00000 0.64914
78.00000 0.63345
79.00000 0.61929
80.00000 0.61840
81.00000 0.61755
82.00000 0.61320
83.00000 0.60711
84.00000 0.60016
85.00000 0.59253
86.00000 0.58251
87.00000 0.57096
88.00000 0.56696
89.00000 0.55967
90.00000 0.55233
91.00000 0.55133
92.00000 0.55489
93.00000 0.54792
94.00000 0.53865
95.00000 0.52988
96.00000 0.52238
97.00000 0.51891
98.00000 0.52041
99.00000 0.51798
100.00000 0.51188
101.00000 0.50557
102.00000 0.49997
103.00000 0.49474
104.00000 0.48730
105.00000 0.47658
106.00000 0.46750
107.00000 0.45749
108.00000 0.44979
109.00000 0.44775
110.00000 0.44703
111.00000 0.44323
112.00000 0.43179
113.00000 0.41821
114.00000 0.40796
115.00000 0.40078
116.00000 0.39508
117.00000 0.38807
118.00000 0.38567
119.00000 0.38327
120.00000 0.37654
121.00000 0.36713
122.00000 0.35854
123.00000 0.35353
124.00000 0.34973
125.00000 0.34560
126.00000 0.33967
127.00000 0.33310
128.00000 0.32649
129.00000 0.31941
130.00000 0.31183
131.00000 0.30353
132.00000 0.29494
133.00000 0.28758
134.00000 0.28295
135.00000 0.27949
136.00000 0.27636
137.00000 0.27467
138.00000 0.27282
139.00000 0.25975
140.00000 0.25058
141.00000 0.24548
142.00000 0.24115
143.00000 0.23667
144.00000 0.23163
145.00000 0.22555
146.00000 0.21884
147.00000 0.21318
148.00000 0.20912
149.00000 0.20816
150.00000 0.21146
151.00000 0.21096
152.00000 0.20693
153.00000 0.20372
154.00000 0.20116
155.00000 0.20107
156.00000 0.20023
157.00000 0.17727
158.00000 0.17363
159.00000 0.17679
160.00000 0.18439
161.00000 0.17820
162.00000 0.16736
163.00000 0.16176
164.00000 0.15874
165.00000 0.15871
166.00000 0.16040
167.00000 0.15752
168.00000 0.15145
169.00000 0.14666
170.00000 0.14294
171.00000 0.13920
172.00000 0.13523
173.00000 0.13293
174.00000 0.13155
175.00000 0.12991
176.00000 0.12860
177.00000 0.12799
178.00000 0.12796
179.00000 0.12753
180.00000 0.12649
181.00000 0.10516
182.00000 0.10268
183.00000 0.10026
184.00000 0.09789
185.00000 0.09556
186.00000 0.09329
187.00000 0.09106
188.00000 0.08887
189.00000 0.08674
190.00000 0.08465
191.00000 0.08260
192.00000 0.08060
193.00000 0.07865
194.00000 0.07673
195.00000 0.07486
196.00000 0.07303
197.00000 0.07125
198.00000 0.06950
199.00000 0.06779
200.00000 0.06612
201.00000 0.06449
202.00000 0.06290
203.00000 0.06135
204.00000 0.05983
205.00000 0.05835
206.00000 0.05691
207.00000 0.05550
208.00000 0.05412
209.00000 0.05278
210.00000 0.05147
211.00000 0.05020
212.00000 0.04895
213.00000 0.04774
214.00000 0.04656
215.00000 0.04541
216.00000 0.04428
217.00000 0.04319
218.00000 0.04213
219.00000 0.04109
