 50.00000   2.797818e-01
 51.00000   1.857642e-01
 52.00000   1.194832e-01
 53.00000   2.368170e-01
 54.00000   5.358462e-02
 55.00000   3.518874e-01
 56.00000   1.194311e-01
 57.00000   1.671550e-01
 58.00000   1.857414e-01
 59.00000   5.527524e-02
 60.00000   2.555178e-01
 61.00000   4.649767e-02
 62.00000   1.957267e-01
 63.00000   1.007686e-01
 64.00000   6.720440e-02
 65.00000   1.255858e-01
 66.00000   2.780321e-02
 67.00000   2.325710e-01
 68.00000   5.395506e-02
 69.00000   9.076585e-02
 70.00000   8.272554e-02
 71.00000   3.289057e-02
 72.00000   1.367383e-01
 73.00000   1.244579e-02
 74.00000   9.933882e-02
 75.00000   4.097377e-02
 76.00000   3.414054e-02
 77.00000   4.293648e-02
 78.00000   2.217656e-02
 79.00000   1.169069e-01
 80.00000   2.049225e-02
 81.00000   3.299061e-02
 82.00000   2.437199e-02
 83.00000   1.657787e-02
 84.00000   5.077078e-02
 85.00000   6.582224e-03
 86.00000   3.469787e-02
 87.00000   1.584476e-02
 88.00000   1.564861e-02
 89.00000   1.236256e-02
 90.00000   1.410254e-02
 91.00000   4.128888e-02
 92.00000   7.967206e-03
 93.00000   5.930499e-03
 94.00000   6.430216e-03
 95.00000   4.785244e-03
 96.00000   1.424917e-02
 97.00000   7.755914e-03
 98.00000   1.038356e-02
 99.00000   9.837049e-03
100.00000   8.601812e-03
101.00000   1.036866e-02
102.00000   7.985514e-03
103.00000   1.018934e-02
104.00000   6.154465e-03
105.00000   8.521284e-04
106.00000   4.887112e-03
107.00000   2.963485e-03
108.00000   7.592484e-03
109.00000   1.068758e-02
110.00000   7.976196e-03
111.00000   1.084776e-02
112.00000   8.246977e-03
113.00000   1.293265e-02
114.00000   1.002033e-02
115.00000   4.708996e-03
116.00000   1.085153e-02
117.00000   2.319798e-03
118.00000   8.960469e-03
119.00000   1.057997e-02
120.00000   7.208404e-03
121.00000   1.652551e-02
122.00000   8.799375e-03
123.00000   1.651278e-02
124.00000   8.879581e-03
125.00000   1.880928e-02
126.00000   2.251267e-02
127.00000   5.923072e-03
128.00000   2.323246e-02
129.00000   2.279352e-03
130.00000   2.649315e-02
131.00000   2.127586e-02
132.00000   7.838440e-03
133.00000   2.828957e-02
134.00000   8.922527e-03
135.00000   3.527096e-02
136.00000   7.608615e-03
137.00000   4.692832e-02
138.00000   4.250115e-02
139.00000   1.172095e-02
140.00000   4.753914e-02
141.00000   4.379867e-03
142.00000   7.390926e-02
143.00000   2.844590e-02
144.00000   2.599908e-02
145.00000   4.668777e-02
146.00000   2.067376e-02
147.00000   8.009451e-02
148.00000   7.247506e-03
149.00000   1.172538e-01
150.00000   6.286882e-02
151.00000   3.902972e-02
152.00000   8.720812e-02
153.00000   1.929141e-02
154.00000   1.593466e-01
155.00000   2.834084e-02
156.00000   8.662841e-02
157.00000   6.900839e-02
158.00000   6.421289e-02
159.00000   1.553898e-01
160.00000   1.669612e-02
161.00000   2.272848e-01
162.00000   7.448836e-02
163.00000   1.110432e-01
164.00000   1.400790e-01
165.00000   5.901746e-02
166.00000   2.693461e-01
167.00000   2.353307e-02
168.00000   1.930946e-01
169.00000   9.196123e-02
170.00000   1.513130e-01
171.00000   2.436590e-01
172.00000   5.479109e-02
173.00000   3.461796e-01
174.00000   7.561853e-02
175.00000   2.221572e-01
176.00000   1.964270e-01
177.00000   1.298197e-01
178.00000   3.692957e-01
179.00000   4.745812e-02
180.00000   3.043224e-01
181.00000   1.222546e-01
182.00000   2.508690e-01
183.00000   3.094346e-01
184.00000   1.399439e-01
185.00000   4.346827e-01
186.00000   1.004282e-01
187.00000   3.173938e-01
188.00000   2.365643e-01
189.00000   2.023270e-01
190.00000   4.209952e-01
191.00000   1.683660e-01
192.00000   3.650382e-01
193.00000   1.926154e-01
194.00000   3.009864e-01
195.00000   3.197479e-01
196.00000   2.639122e-01
197.00000   4.636715e-01
198.00000   2.215218e-01
199.00000   3.417655e-01
200.00000   2.558541e-01
