 50.00000   2.001167e-02
 51.00000   2.285152e-02
 52.00000   2.550551e-02
 53.00000   2.087869e-02
 54.00000   2.926843e-02
 55.00000   1.907097e-02
 56.00000   2.691786e-02
 57.00000   2.492164e-02
 58.00000   2.412545e-02
 59.00000   3.005633e-02
 60.00000   2.222302e-02
 61.00000   3.092656e-02
 62.00000   2.484077e-02
 63.00000   2.831928e-02
 64.00000   2.988557e-02
 65.00000   2.706059e-02
 66.00000   3.320927e-02
 67.00000   2.512998e-02
 68.00000   3.183842e-02
 69.00000   3.002228e-02
 70.00000   3.036252e-02
 71.00000   3.364581e-02
 72.00000   2.888291e-02
 73.00000   3.487972e-02
 74.00000   3.098043e-02
 75.00000   3.361768e-02
 76.00000   3.421192e-02
 77.00000   3.351444e-02
 78.00000   3.649815e-02
 79.00000   3.216241e-02
 80.00000   3.614891e-02
 81.00000   3.551328e-02
 82.00000   3.614542e-02
 83.00000   3.757882e-02
 84.00000   3.572783e-02
 85.00000   3.858196e-02
 86.00000   3.729392e-02
 87.00000   3.858677e-02
 88.00000   3.899836e-02
 89.00000   3.919324e-02
 90.00000   4.059417e-02
 91.00000   3.906405e-02
 92.00000   4.064980e-02
 93.00000   4.100780e-02
 94.00000   4.137334e-02
 95.00000   4.227974e-02
 96.00000   4.190031e-02
 97.00000   4.299387e-02
 98.00000   4.312084e-02
 99.00000   4.364155e-02
100.00000   4.423440e-02
101.00000   4.437645e-02
102.00000   4.544271e-02
103.00000   4.531959e-02
104.00000   4.563044e-02
105.00000   4.639757e-02
106.00000   4.655110e-02
107.00000   4.733984e-02
108.00000   4.752549e-02
109.00000   4.801154e-02
110.00000   4.860335e-02
111.00000   4.885570e-02
112.00000   4.972529e-02
113.00000   4.972831e-02
114.00000   5.046643e-02
115.00000   5.113913e-02
116.00000   5.081893e-02
117.00000   5.197572e-02
118.00000   5.188457e-02
119.00000   5.231423e-02
120.00000   5.317197e-02
121.00000   5.313435e-02
122.00000   5.435335e-02
123.00000   5.397606e-02
124.00000   5.555125e-02
125.00000   5.545866e-02
126.00000   5.520388e-02
127.00000   5.709194e-02
128.00000   5.575965e-02
129.00000   5.829093e-02
130.00000   5.702714e-02
131.00000   5.730747e-02
132.00000   5.914898e-02
133.00000   5.801072e-02
134.00000   6.095768e-02
135.00000   5.858291e-02
136.00000   6.219240e-02
137.00000   6.092880e-02
138.00000   5.979883e-02
139.00000   6.350256e-02
140.00000   6.019351e-02
141.00000   6.579012e-02
142.00000   6.121378e-02
143.00000   6.304522e-02
144.00000   6.500495e-02
145.00000   6.283225e-02
146.00000   6.844312e-02
147.00000   6.229287e-02
148.00000   7.028771e-02
149.00000   6.486221e-02
150.00000   6.504280e-02
151.00000   6.988244e-02
152.00000   6.420713e-02
153.00000   7.444994e-02
154.00000   6.370912e-02
155.00000   7.057021e-02
156.00000   6.945779e-02
157.00000   6.828972e-02
158.00000   7.577765e-02
159.00000   6.500884e-02
160.00000   7.994979e-02
161.00000   6.626530e-02
162.00000   7.208466e-02
163.00000   7.456694e-02
164.00000   6.823278e-02
165.00000   8.311577e-02
166.00000   6.450372e-02
167.00000   8.055547e-02
168.00000   7.124228e-02
169.00000   7.534723e-02
170.00000   8.059443e-02
171.00000   6.752392e-02
172.00000   8.908845e-02
173.00000   6.573562e-02
174.00000   8.175536e-02
175.00000   7.607316e-02
176.00000   7.322925e-02
177.00000   8.901324e-02
178.00000   6.511714e-02
179.00000   9.050741e-02
180.00000   7.142294e-02
181.00000   8.442998e-02
182.00000   8.220128e-02
183.00000   7.203101e-02
184.00000   9.293446e-02
185.00000   6.569803e-02
186.00000   9.159041e-02
187.00000   7.665237e-02
188.00000   8.096452e-02
189.00000   9.154614e-02
190.00000   6.855045e-02
191.00000   9.172822e-02
192.00000   7.387020e-02
193.00000   9.187266e-02
194.00000   8.478563e-02
195.00000   8.166006e-02
196.00000   8.926562e-02
197.00000   6.947868e-02
198.00000   9.195144e-02
199.00000   8.138968e-02
200.00000   9.111943e-02
