 61.23201   3.290504e-02
 62.76281   2.376504e-02
 64.29361   1.805504e-02
 65.82441   5.675040e-03
 67.35521   1.267504e-02
 68.88601   2.687504e-02
 70.41681   2.609504e-02
 71.94761   4.036504e-02
 73.47841   4.902504e-02
 75.00921   4.138504e-02
 76.54001   4.440504e-02
 78.07081   5.818504e-02
 79.60161   6.387504e-02
 81.13241   6.403504e-02
 82.66321   6.720504e-02
 84.19401   6.513504e-02
 85.72481   5.869504e-02
 87.25561   5.012504e-02
 88.78641   3.955504e-02
 90.31721   3.557504e-02
 91.84801   3.260504e-02
 93.37882   2.206504e-02
 94.90962   1.201504e-02
 96.44042   9.305040e-03
 97.97122   1.167504e-02
 99.50202   1.247504e-02
101.03282   2.480504e-02
102.56362   4.250504e-02
104.09442   4.364504e-02
105.62522   5.245504e-02
107.15602   6.482504e-02
108.68682   7.289504e-02
110.21762   7.610504e-02
111.74842   7.873504e-02
113.27922   7.580504e-02
114.81002   7.080504e-02
116.34082   6.695504e-02
117.87162   6.100504e-02
119.40242   5.223837e-02
120.93322   3.916733e-02
122.46402   3.277628e-02
123.99482   3.204524e-02
125.52562   2.673419e-02
127.05642   2.458315e-02
128.58722   2.633211e-02
130.11802   2.835107e-02
131.64882   3.670004e-02
133.17962   4.467900e-02
134.71042   5.196797e-02
136.24122   5.921694e-02
137.77202   6.419591e-02
139.30282   6.755488e-02
140.83362   6.981386e-02
142.36442   6.913283e-02
143.89522   6.787181e-02
145.42602   6.390079e-02
146.95682   5.792977e-02
148.48762   5.212875e-02
150.01842   4.517774e-02
151.54922   3.811812e-02
153.08002   3.232582e-02
154.61083   2.833356e-02
156.14163   2.600134e-02
157.67243   2.652916e-02
159.20323   2.865702e-02
160.73403   3.150492e-02
162.26483   3.629287e-02
163.79563   4.253181e-02
165.32643   4.917109e-02
166.85723   5.557044e-02
168.38803   5.982986e-02
169.91883   6.134934e-02
171.44963   6.346889e-02
172.98043   6.676852e-02
174.51123   6.815311e-02
176.04203   6.648002e-02
177.57283   6.291693e-02
179.10363   5.768384e-02
180.63443   5.289075e-02
182.16523   4.783766e-02
183.69603   4.185457e-02
185.22683   3.757148e-02
186.75763   3.336839e-02
188.28843   2.993530e-02
189.81923   2.800221e-02
191.35003   2.690912e-02
192.88083   2.757604e-02
194.41163   2.825295e-02
195.94243   2.830986e-02
197.47323   2.855677e-02
199.00403   2.987368e-02
200.53483   3.062060e-02
202.06563   3.024751e-02
203.59643   3.060442e-02
205.12723   3.167134e-02
206.65803   3.256825e-02
208.18883   3.329516e-02
209.71963   3.458208e-02
211.25043   3.663899e-02
212.78123   3.965590e-02
214.31203   4.393282e-02
215.84284   4.906973e-02
217.37364   5.474664e-02
218.90444   6.045356e-02
220.43524   6.591047e-02
221.96604   7.110739e-02
223.49684   7.555430e-02
225.02764   7.861122e-02
226.55844   7.997813e-02
228.08924   7.939505e-02
229.62004   7.856197e-02
231.15084   7.717888e-02
232.68164   7.430580e-02
234.21244   7.160271e-02
235.74324   6.869963e-02
237.27404   6.527655e-02
238.80484   6.239346e-02
240.33564   6.007038e-02
241.86644   5.827730e-02
243.39724   5.731422e-02
244.92804   5.673113e-02
246.45884   5.692805e-02
247.98964   5.815497e-02
249.52044   5.958189e-02
251.05124   6.030880e-02
252.58204   6.078572e-02
254.11284   6.150264e-02
255.64364   6.123956e-02
257.17444   6.022648e-02
258.70524   5.862340e-02
260.23604   5.638032e-02
261.76684   5.324724e-02
263.29764   5.007416e-02
264.82844   4.822108e-02
266.35924   4.624800e-02
267.89004   4.418492e-02
269.42084   4.246184e-02
270.95164   4.161876e-02
272.48244   4.146568e-02
274.01324   4.065812e-02
275.54404   4.031248e-02
277.07485   4.155690e-02
278.60565   4.350137e-02
280.13645   4.479590e-02
281.66725   4.580049e-02
283.19805   4.726513e-02
284.72885   4.894983e-02
286.25965   5.102459e-02
287.79045   5.390940e-02
289.32125   5.765426e-02
290.85205   6.230919e-02
292.38285   6.776417e-02
293.91365   7.402920e-02
295.44445   8.040429e-02
296.97525   8.620953e-02
298.50605   9.134953e-02
300.03685   9.544953e-02
301.56765   9.767953e-02
303.09845   9.856953e-02
304.62925   9.861953e-02
306.16005   9.732953e-02
307.69085   9.521953e-02
309.22165   9.245953e-02
310.75245   8.954953e-02
312.28325   8.748953e-02
313.81405   8.778953e-02
315.34485   9.140953e-02
316.87565   9.803953e-02
318.40645   1.086695e-01
319.93725   1.231195e-01
321.46805   1.390595e-01
322.99885   1.558695e-01
324.52965   1.733295e-01
326.06045   1.899195e-01
327.59125   2.040595e-01
329.12205   2.144995e-01
330.65285   2.208295e-01
332.18365   2.224195e-01
333.71445   2.191695e-01
335.24525   2.113395e-01
336.77605   2.000195e-01
338.30686   1.868195e-01
339.83766   1.721295e-01
341.36846   1.571695e-01
342.89926   1.432195e-01
344.43006   1.318995e-01
345.96086   1.241795e-01
347.49172   1.192795e-01
349.02252   1.151595e-01
350.55332   1.119048e-01
352.08412   1.117505e-01
353.61492   1.156361e-01
355.14572   1.227219e-01
356.67652   1.334876e-01
358.20732   1.487934e-01
359.73812   1.701493e-01
361.26892   1.935851e-01
362.79972   2.202010e-01
364.33052   2.472970e-01
365.86132   2.734329e-01
367.39212   2.976789e-01
368.92292   3.211050e-01
370.45372   3.433910e-01
371.98452   3.633372e-01
373.51532   3.807833e-01
375.04612   3.977895e-01
376.57692   4.159657e-01
378.10772   4.395012e-01
379.63852   4.726233e-01
381.16932   5.149555e-01
382.70012   5.656876e-01
384.23092   6.226298e-01
385.76172   6.793719e-01
387.29252   7.307341e-01
388.82332   7.753462e-01
390.35412   8.132384e-01
391.88492   8.433305e-01
393.41572   8.659227e-01
394.94652   8.827549e-01
396.47732   8.953370e-01
398.00812   9.041292e-01
399.53892   9.099213e-01
401.06973   9.141735e-01
402.60053   9.177757e-01
404.13133   9.206678e-01
405.66213   9.224900e-01
407.19293   9.240722e-01
408.72373   9.265643e-01
410.25453   9.297465e-01
411.78533   9.340487e-01
413.31613   9.397465e-01
414.84693   9.458403e-01
416.37773   9.518243e-01
417.90853   9.574382e-01
419.43933   9.627522e-01
420.97013   9.675662e-01
422.50093   9.707202e-01
424.03173   9.725743e-01
425.56253   9.737384e-01
427.09333   9.743725e-01
428.62413   9.751166e-01
430.15493   9.755708e-01
431.68573   9.760850e-01
433.21653   9.768192e-01
434.74733   9.771435e-01
436.27813   9.772577e-01
437.80893   9.771720e-01
439.33973   9.771064e-01
440.87053   9.770007e-01
442.40133   9.767451e-01
443.93213   9.766321e-01
445.46293   9.767280e-01
446.99373   9.769038e-01
448.52453   9.771296e-01
450.05533   9.773854e-01
451.58613   9.774712e-01
453.11693   9.774371e-01
454.64773   9.774029e-01
456.17853   9.772187e-01
457.70933   9.768946e-01
459.24013   9.768004e-01
460.77093   9.769962e-01
462.30174   9.771021e-01
463.83254   9.771379e-01
465.36334   9.770938e-01
466.89414   9.770496e-01
468.42494   9.770055e-01
469.95574   9.770213e-01
471.48654   9.768572e-01
473.01734   9.768030e-01
474.54814   9.765950e-01
476.07894   9.762405e-01
477.60974   9.759661e-01
479.14054   9.756517e-01
480.67134   9.752774e-01
482.20214   9.749831e-01
483.73294   9.748889e-01
485.26374   9.745747e-01
486.79454   9.744005e-01
488.32534   9.742264e-01
489.85614   9.740823e-01
491.38694   9.740582e-01
492.91774   9.736542e-01
494.44854   9.733002e-01
495.97934   9.732363e-01
497.51014   9.730624e-01
499.04094   9.725385e-01
500.57174   9.723140e-01
502.10254   9.724340e-01
503.63334   9.723040e-01
505.16414   9.723240e-01
506.69494   9.725240e-01
508.22574   9.728240e-01
509.75654   9.731240e-01
511.28734   9.730340e-01
512.81814   9.727640e-01
514.34894   9.726740e-01
515.87974   9.727340e-01
517.41054   9.727540e-01
518.94134   9.728340e-01
520.47214   9.729440e-01
522.00294   9.729340e-01
523.53375   9.730340e-01
525.06455   9.733740e-01
526.59535   9.734640e-01
528.12615   9.732940e-01
529.65695   9.731540e-01
531.18775   9.731940e-01
532.71855   9.729805e-01
534.24935   9.726938e-01
535.78015   9.724472e-01
537.31095   9.720907e-01
538.84175   9.718942e-01
540.37255   9.716678e-01
541.90335   9.714615e-01
543.43415   9.712152e-01
544.96495   9.707989e-01
546.49575   9.704328e-01
548.02655   9.696166e-01
549.55735   9.687106e-01
551.08815   9.679446e-01
552.61895   9.656886e-01
554.14975   9.605227e-01
555.68055   9.527169e-01
557.21135   9.468811e-01
558.74215   9.519654e-01
560.27295   9.600356e-01
561.80375   9.643956e-01
563.33455   9.664256e-01
564.86535   9.678456e-01
566.39615   9.686856e-01
567.92695   9.687256e-01
569.45775   9.686856e-01
570.98855   9.688356e-01
572.51935   9.688456e-01
574.05015   9.689256e-01
575.58095   9.691256e-01
577.11175   9.692856e-01
578.64255   9.694956e-01
580.17335   9.697856e-01
581.70415   9.699156e-01
583.23495   9.698756e-01
584.76576   9.699456e-01
586.29656   9.699556e-01
587.82736   9.698756e-01
589.35816   9.698305e-01
590.88896   9.697006e-01
592.41976   9.694108e-01
593.95056   9.690410e-01
595.48136   9.688512e-01
597.01216   9.687714e-01
598.54296   9.687217e-01
600.07376   9.685820e-01
