 61.23201   3.864960e-03
 62.76281   3.864960e-03
 64.29361   3.864960e-03
 65.82441   3.864960e-03
 67.35521   3.864960e-03
 68.88601   3.864960e-03
 70.41681   3.864960e-03
 71.94761   3.864960e-03
 73.47841   3.864960e-03
 75.00921   3.864960e-03
 76.54001   3.864960e-03
 78.07081   3.864960e-03
 79.60161   3.864960e-03
 81.13241   3.864960e-03
 82.66321   3.864960e-03
 84.19401   3.864960e-03
 85.72481   3.864960e-03
 87.25561   3.864960e-03
 88.78641   3.864960e-03
 90.31721   3.864960e-03
 91.84801   3.864960e-03
 93.37882   3.864960e-03
 94.90962   3.864960e-03
 96.44042   3.864960e-03
 97.97122   3.864960e-03
 99.50202   3.864960e-03
101.03282   3.864960e-03
102.56362   3.864960e-03
104.09442   3.864960e-03
105.62522   3.864960e-03
107.15602   3.864960e-03
108.68682   3.864960e-03
110.21762   3.864960e-03
111.74842   3.864960e-03
113.27922   3.864960e-03
114.81002   3.864960e-03
116.34082   3.864960e-03
117.87162   3.864960e-03
119.40242   3.901626e-03
120.93322   3.942674e-03
122.46402   3.983720e-03
123.99482   4.024765e-03
125.52562   4.065808e-03
127.05642   4.106849e-03
128.58722   4.147888e-03
130.11802   4.188926e-03
131.64882   4.229962e-03
133.17962   4.270996e-03
134.71042   4.312029e-03
136.24122   4.353060e-03
137.77202   4.394089e-03
139.30282   4.435117e-03
140.83362   4.476143e-03
142.36442   4.517167e-03
143.89522   4.558189e-03
145.42602   4.599210e-03
146.95682   4.640229e-03
148.48762   4.681247e-03
150.01842   4.722262e-03
151.54922   4.921878e-03
153.08002   5.124180e-03
154.61083   5.326443e-03
156.14163   5.528663e-03
157.67243   5.730841e-03
159.20323   5.932979e-03
160.73403   6.135076e-03
162.26483   6.337131e-03
163.79563   6.568191e-03
165.32643   6.828911e-03
166.85723   7.089562e-03
168.38803   7.350145e-03
169.91883   7.610660e-03
171.44963   7.871106e-03
172.98043   8.131484e-03
174.51123   8.166891e-03
176.04203   8.179981e-03
177.57283   8.193072e-03
179.10363   8.206162e-03
180.63443   8.219251e-03
182.16523   8.232341e-03
183.69603   8.245431e-03
185.22683   8.258520e-03
186.75763   8.271609e-03
188.28843   8.284698e-03
189.81923   8.297787e-03
191.35003   8.310875e-03
192.88083   8.323964e-03
194.41163   8.337052e-03
195.94243   8.350140e-03
197.47323   8.363228e-03
199.00403   8.376316e-03
200.53483   8.389403e-03
202.06563   8.402491e-03
203.59643   8.415578e-03
205.12723   8.428665e-03
206.65803   8.441752e-03
208.18883   8.454838e-03
209.71963   8.467925e-03
211.25043   8.481011e-03
212.78123   8.494097e-03
214.31203   8.507183e-03
215.84284   8.520269e-03
217.37364   8.533355e-03
218.90444   8.546440e-03
220.43524   8.559526e-03
221.96604   8.572611e-03
223.49684   8.585696e-03
225.02764   8.598781e-03
226.55844   8.611865e-03
228.08924   8.624950e-03
229.62004   8.638034e-03
231.15084   8.651118e-03
232.68164   8.664202e-03
234.21244   8.677286e-03
235.74324   8.690369e-03
237.27404   8.703453e-03
238.80484   8.716536e-03
240.33564   8.729619e-03
241.86644   8.742702e-03
243.39724   8.755785e-03
244.92804   8.768867e-03
246.45884   8.781950e-03
247.98964   8.795032e-03
249.52044   8.808114e-03
251.05124   8.821196e-03
252.58204   8.834278e-03
254.11284   8.847359e-03
255.64364   8.860440e-03
257.17444   8.873522e-03
258.70524   8.886603e-03
260.23604   8.899683e-03
261.76684   8.912764e-03
263.29764   8.925844e-03
264.82844   8.938925e-03
266.35924   8.952005e-03
267.89004   8.965085e-03
269.42084   8.978165e-03
270.95164   8.991244e-03
272.48244   9.004324e-03
274.01324   9.111883e-03
275.54404   9.347520e-03
277.07485   9.583103e-03
278.60565   9.818628e-03
280.13645   1.005410e-02
281.66725   1.028951e-02
283.19805   1.052487e-02
284.72885   1.076017e-02
286.25965   1.099541e-02
287.79045   1.123060e-02
289.32125   1.146574e-02
290.85205   1.170081e-02
292.38285   1.193583e-02
293.91365   1.217080e-02
295.44445   1.240571e-02
296.97525   1.244047e-02
298.50605   1.244047e-02
300.03685   1.244047e-02
301.56765   1.244047e-02
303.09845   1.244047e-02
304.62925   1.244047e-02
306.16005   1.244047e-02
307.69085   1.244047e-02
309.22165   1.244047e-02
310.75245   1.244047e-02
312.28325   1.244047e-02
313.81405   1.244047e-02
315.34485   1.244047e-02
316.87565   1.244047e-02
318.40645   1.244047e-02
319.93725   1.244047e-02
321.46805   1.244047e-02
322.99885   1.244047e-02
324.52965   1.244047e-02
326.06045   1.244047e-02
327.59125   1.244047e-02
329.12205   1.244047e-02
330.65285   1.244047e-02
332.18365   1.244047e-02
333.71445   1.244047e-02
335.24525   1.244047e-02
336.77605   1.244047e-02
338.30686   1.244047e-02
339.83766   1.244047e-02
341.36846   1.244047e-02
342.89926   1.244047e-02
344.43006   1.244047e-02
345.96086   1.244047e-02
347.49172   1.244047e-02
349.02252   1.244047e-02
350.55332   1.261521e-02
352.08412   1.279955e-02
353.61492   1.298385e-02
355.14572   1.316813e-02
356.67652   1.335236e-02
358.20732   1.353657e-02
359.73812   1.372074e-02
361.26892   1.390487e-02
362.79972   1.408897e-02
364.33052   1.427304e-02
365.86132   1.445707e-02
367.39212   1.464106e-02
368.92292   1.482503e-02
370.45372   1.500895e-02
371.98452   1.519285e-02
373.51532   1.537671e-02
375.04612   1.556053e-02
376.57692   1.574432e-02
378.10772   1.587879e-02
379.63852   1.591665e-02
381.16932   1.595451e-02
382.70012   1.599236e-02
384.23092   1.603021e-02
385.76172   1.606806e-02
387.29252   1.610591e-02
388.82332   1.614376e-02
390.35412   1.618161e-02
391.88492   1.621946e-02
393.41572   1.625730e-02
394.94652   1.629514e-02
396.47732   1.633298e-02
398.00812   1.637082e-02
399.53892   1.640866e-02
401.06973   1.644650e-02
402.60053   1.648433e-02
404.13133   1.652217e-02
405.66213   1.656000e-02
407.19293   1.659783e-02
408.72373   1.663566e-02
410.25453   1.667349e-02
411.78533   1.671131e-02
413.31613   1.684355e-02
414.84693   1.700966e-02
416.37773   1.717574e-02
417.90853   1.734180e-02
419.43933   1.750782e-02
420.97013   1.767382e-02
422.50093   1.783979e-02
424.03173   1.800574e-02
425.56253   1.817165e-02
427.09333   1.833754e-02
428.62413   1.850340e-02
430.15493   1.866923e-02
431.68573   1.883503e-02
433.21653   1.900080e-02
434.74733   1.916655e-02
436.27813   1.933227e-02
437.80893   1.949796e-02
439.33973   1.966362e-02
440.87053   1.982926e-02
442.40133   1.999486e-02
443.93213   2.014786e-02
445.46293   2.019205e-02
446.99373   2.023623e-02
448.52453   2.028041e-02
450.05533   2.032458e-02
451.58613   2.036876e-02
453.11693   2.041293e-02
454.64773   2.045710e-02
456.17853   2.050127e-02
457.70933   2.054544e-02
459.24013   2.058960e-02
460.77093   2.063376e-02
462.30174   2.067793e-02
463.83254   2.072208e-02
465.36334   2.076624e-02
466.89414   2.081040e-02
468.42494   2.085455e-02
469.95574   2.089870e-02
471.48654   2.094285e-02
473.01734   2.098700e-02
474.54814   2.114505e-02
476.07894   2.133949e-02
477.60974   2.153389e-02
479.14054   2.172826e-02
480.67134   2.192258e-02
482.20214   2.211687e-02
483.73294   2.231112e-02
485.26374   2.250533e-02
486.79454   2.269950e-02
488.32534   2.289363e-02
489.85614   2.308773e-02
491.38694   2.328178e-02
492.91774   2.347580e-02
494.44854   2.366978e-02
495.97934   2.386372e-02
497.51014   2.405762e-02
499.04094   2.425149e-02
500.57174   2.441603e-02
502.10254   2.441603e-02
503.63334   2.441603e-02
505.16414   2.441603e-02
506.69494   2.441603e-02
508.22574   2.441603e-02
509.75654   2.441603e-02
511.28734   2.441603e-02
512.81814   2.441603e-02
514.34894   2.441603e-02
515.87974   2.441603e-02
517.41054   2.441603e-02
518.94134   2.441603e-02
520.47214   2.441603e-02
522.00294   2.441603e-02
523.53375   2.441603e-02
525.06455   2.441603e-02
526.59535   2.441603e-02
528.12615   2.441603e-02
529.65695   2.441603e-02
531.18775   2.441603e-02
532.71855   2.463955e-02
534.24935   2.487619e-02
535.78015   2.511277e-02
537.31095   2.534929e-02
538.84175   2.558576e-02
540.37255   2.582217e-02
541.90335   2.605852e-02
543.43415   2.629482e-02
544.96495   2.653106e-02
546.49575   2.676724e-02
548.02655   2.700336e-02
549.55735   2.723942e-02
551.08815   2.747543e-02
552.61895   2.771138e-02
554.14975   2.794728e-02
555.68055   2.818311e-02
557.21135   2.841889e-02
558.74215   2.865462e-02
560.27295   2.868440e-02
561.80375   2.868440e-02
563.33455   2.868440e-02
564.86535   2.868440e-02
566.39615   2.868440e-02
567.92695   2.868440e-02
569.45775   2.868440e-02
570.98855   2.868440e-02
572.51935   2.868440e-02
574.05015   2.868440e-02
575.58095   2.868440e-02
577.11175   2.868440e-02
578.64255   2.868440e-02
580.17335   2.868440e-02
581.70415   2.868440e-02
583.23495   2.868440e-02
584.76576   2.868440e-02
586.29656   2.868440e-02
587.82736   2.868440e-02
589.35816   2.883948e-02
590.88896   2.901936e-02
592.41976   2.919921e-02
593.95056   2.937903e-02
595.48136   2.955881e-02
597.01216   2.973856e-02
598.54296   2.991827e-02
600.07376   3.009796e-02
