 61.23201   2.090882e-01
 62.76281   2.163982e-01
 64.29361   1.796682e-01
 65.00000   1.777582e-01
 65.05000   1.777382e-01
 65.10000   1.783482e-01
 65.15000   1.781782e-01
 65.20000   1.773982e-01
 65.25000   1.767882e-01
 65.30000   1.748982e-01
 65.35000   1.725082e-01
 65.40000   1.719782e-01
 65.45000   1.717082e-01
 65.50000   1.690082e-01
 65.55000   1.693782e-01
 65.60000   1.672882e-01
 65.65000   1.650682e-01
 65.70000   1.623382e-01
 65.75000   1.600182e-01
 65.80000   1.587682e-01
 65.85000   1.561682e-01
 65.90000   1.562582e-01
 65.95000   1.534782e-01
 66.00000   1.516382e-01
 66.05000   1.507082e-01
 66.10000   1.490782e-01
 66.15000   1.495182e-01
 66.20000   1.478582e-01
 66.25000   1.478882e-01
 66.30000   1.481082e-01
 66.35000   1.483582e-01
 66.40000   1.485182e-01
 66.45000   1.462782e-01
 66.50000   1.467682e-01
 66.55000   1.468382e-01
 66.60000   1.468482e-01
 66.65000   1.466682e-01
 66.70000   1.449882e-01
 66.75000   1.451182e-01
 66.80000   1.441982e-01
 66.85000   1.434882e-01
 66.90000   1.414082e-01
 66.95000   1.391682e-01
 67.00000   1.400182e-01
 67.05000   1.386382e-01
 67.10000   1.374782e-01
 67.15000   1.355182e-01
 67.20000   1.341482e-01
 67.25000   1.337182e-01
 67.30000   1.320482e-01
 67.35000   1.311682e-01
 67.40000   1.293082e-01
 67.45000   1.283582e-01
 67.50000   1.283882e-01
 67.55000   1.266382e-01
 67.60000   1.256682e-01
 67.65000   1.241282e-01
 67.70000   1.232782e-01
 67.75000   1.225882e-01
 67.80000   1.210982e-01
 67.85000   1.205482e-01
 67.90000   1.189082e-01
 67.95000   1.184182e-01
 68.00000   1.180582e-01
 68.05000   1.165582e-01
 68.10000   1.161882e-01
 68.15000   1.150882e-01
 68.20000   1.146882e-01
 68.25000   1.143482e-01
 68.30000   1.135482e-01
 68.35000   1.131782e-01
 68.40000   1.118582e-01
 68.45000   1.117482e-01
 68.50000   1.112982e-01
 68.55000   1.097482e-01
 68.60000   1.094082e-01
 68.65000   1.082582e-01
 68.70000   1.079582e-01
 68.75000   1.068482e-01
 68.80000   1.052582e-01
 68.85000   1.044682e-01
 68.90000   1.030682e-01
 68.95000   1.026782e-01
 69.00000   1.016682e-01
 69.05000   1.002382e-01
 69.10000   9.955816e-02
 69.15000   9.832816e-02
 69.20000   9.760816e-02
 69.25000   9.595816e-02
 69.30000   9.456816e-02
 69.35000   9.417816e-02
 69.40000   9.309816e-02
 69.45000   9.220816e-02
 69.50000   9.092816e-02
 69.55000   8.995816e-02
 69.60000   8.929816e-02
 69.65000   8.801816e-02
 69.70000   8.714816e-02
 69.75000   8.617816e-02
 69.80000   8.533816e-02
 69.85000   8.498816e-02
 69.90000   8.395816e-02
 69.95000   8.299816e-02
 70.00000   8.217816e-02
 70.05000   8.141816e-02
 70.10000   8.061816e-02
 70.15000   7.926816e-02
 70.20000   7.880816e-02
 70.25000   7.835816e-02
 70.30000   7.742816e-02
 70.35000   7.677816e-02
 70.40000   7.590816e-02
 70.45000   7.530816e-02
 70.50000   7.445816e-02
 70.55000   7.361816e-02
 70.60000   7.302816e-02
 70.65000   7.198816e-02
 70.70000   7.155816e-02
 70.75000   7.085816e-02
 70.80000   6.979816e-02
 70.85000   6.906816e-02
 70.90000   6.841816e-02
 70.95000   6.772816e-02
 71.00000   6.673816e-02
 71.05000   6.582816e-02
 71.10000   6.508816e-02
 71.15000   6.410816e-02
 71.20000   6.333816e-02
 71.25000   6.239816e-02
 71.30000   6.137816e-02
 71.35000   6.054816e-02
 71.40000   5.952816e-02
 71.45000   5.841816e-02
 71.50000   5.734816e-02
 71.55000   5.635816e-02
 71.60000   5.562816e-02
 71.65000   5.476816e-02
 71.70000   5.385816e-02
 71.75000   5.307816e-02
 71.80000   5.240816e-02
 71.85000   5.170816e-02
 71.90000   5.099816e-02
 71.95000   5.047816e-02
 72.00000   4.999816e-02
 72.05000   4.952816e-02
 72.10000   4.904816e-02
 72.15000   4.849816e-02
 72.20000   4.787816e-02
 72.25000   4.737816e-02
 72.30000   4.673816e-02
 72.35000   4.605816e-02
 72.40000   4.535816e-02
 72.45000   4.463816e-02
 72.50000   4.381816e-02
 72.55000   4.295816e-02
 72.60000   4.212816e-02
 72.65000   4.136816e-02
 72.70000   4.059816e-02
 72.75000   3.984816e-02
 72.80000   3.910816e-02
 72.85000   3.846816e-02
 72.90000   3.783816e-02
 72.95000   3.718816e-02
 73.00000   3.644816e-02
 73.05000   3.572816e-02
 73.10000   3.499816e-02
 73.15000   3.416816e-02
 73.20000   3.339816e-02
 73.25000   3.253816e-02
 73.30000   3.173816e-02
 73.35000   3.101816e-02
 73.40000   3.023816e-02
 73.45000   2.936816e-02
 73.50000   2.856816e-02
 73.55000   2.795816e-02
 73.60000   2.731816e-02
 73.65000   2.664816e-02
 73.70000   2.612816e-02
 73.75000   2.547816e-02
 73.80000   2.494816e-02
 73.85000   2.433816e-02
 73.90000   2.361816e-02
 73.95000   2.281816e-02
 74.00000   2.211816e-02
 74.05000   2.158816e-02
 74.10000   2.095816e-02
 74.15000   2.023816e-02
 74.20000   1.966816e-02
 74.25000   1.915816e-02
 74.30000   1.866816e-02
 74.35000   1.813816e-02
 74.40000   1.762816e-02
 74.45000   1.714816e-02
 74.50000   1.668816e-02
 74.55000   1.635816e-02
 74.60000   1.594816e-02
 74.65000   1.543816e-02
 74.70000   1.512816e-02
 74.75000   1.487816e-02
 74.80000   1.448816e-02
 74.85000   1.399816e-02
 74.90000   1.366816e-02
 74.95000   1.339816e-02
 75.00000   1.313816e-02
 75.05000   1.295816e-02
 75.10000   1.273816e-02
 75.15000   1.244816e-02
 75.20000   1.226816e-02
 75.25000   1.200816e-02
 75.30000   1.164816e-02
 75.35000   1.123816e-02
 75.40000   1.095816e-02
 75.45000   1.071816e-02
 75.50000   1.033816e-02
 75.55000   9.988161e-03
 75.60000   9.768161e-03
 75.65000   9.488161e-03
 75.70000   9.278161e-03
 75.75000   9.028161e-03
 75.80000   8.878161e-03
 75.85000   8.718161e-03
 75.90000   8.718161e-03
 75.95000   8.798161e-03
 76.00000   8.768161e-03
 76.05000   8.698161e-03
 76.10000   8.648161e-03
 76.15000   8.548161e-03
 76.20000   8.428161e-03
 76.25000   8.218161e-03
 76.30000   8.118161e-03
 76.35000   7.858161e-03
 76.40000   7.648161e-03
 76.45000   7.338161e-03
 76.50000   6.968161e-03
 76.55000   6.558161e-03
 76.60000   6.188161e-03
 76.65000   5.898161e-03
 76.70000   5.568161e-03
 76.75000   5.248161e-03
 76.80000   5.078161e-03
 76.85000   4.818161e-03
 76.90000   4.558161e-03
 76.95000   4.348161e-03
 77.00000   4.088161e-03
 77.05000   3.888161e-03
 77.10000   3.718161e-03
 77.15000   3.548161e-03
 77.20000   3.458161e-03
 77.25000   3.278161e-03
 77.30000   3.268161e-03
 77.35000   3.208161e-03
 77.40000   3.138161e-03
 77.45000   3.108161e-03
 77.50000   3.118161e-03
 77.55000   3.128161e-03
 77.60000   3.078161e-03
 77.65000   3.068161e-03
 77.70000   3.088161e-03
 77.75000   3.138161e-03
 77.80000   3.178161e-03
 77.85000   3.198161e-03
 77.90000   3.178161e-03
 77.95000   3.218161e-03
 78.00000   3.218161e-03
 78.05000   3.308161e-03
 78.10000   3.378161e-03
 78.15000   3.528161e-03
 78.20000   3.648161e-03
 78.25000   3.828161e-03
 78.30000   3.938161e-03
 78.35000   4.088161e-03
 78.40000   4.118161e-03
 78.45000   4.228161e-03
 78.50000   4.408161e-03
 78.55000   4.588161e-03
 78.60000   4.768161e-03
 78.65000   4.928161e-03
 78.70000   5.048161e-03
 78.75000   5.458161e-03
 78.80000   5.698161e-03
 78.85000   6.018161e-03
 78.90000   6.288161e-03
 78.95000   6.828161e-03
 79.00000   7.218161e-03
 79.05000   7.488161e-03
 79.10000   7.948161e-03
 79.15000   8.248161e-03
 79.20000   8.738161e-03
 79.25000   9.378161e-03
 79.30000   9.488161e-03
 79.35000   9.588161e-03
 79.40000   9.668161e-03
 79.45000   9.888161e-03
 79.50000   9.858161e-03
 79.55000   9.868161e-03
 79.60000   1.007816e-02
 79.65000   1.008816e-02
 79.70000   1.018816e-02
 79.75000   1.009816e-02
 79.80000   9.828161e-03
 79.85000   9.818161e-03
 79.90000   9.918161e-03
 79.95000   1.013816e-02
 80.00000   1.029816e-02
 80.05000   1.034816e-02
 80.10000   1.050816e-02
 80.15000   1.068816e-02
 80.20000   1.086816e-02
 80.25000   1.106816e-02
 80.30000   1.136816e-02
 80.35000   1.157816e-02
 80.40000   1.206816e-02
 80.45000   1.247816e-02
 80.50000   1.279816e-02
 80.55000   1.291816e-02
 80.60000   1.330816e-02
 80.65000   1.374816e-02
 80.70000   1.394816e-02
 80.75000   1.425816e-02
 80.80000   1.456816e-02
 80.85000   1.494816e-02
 80.90000   1.544816e-02
 80.95000   1.574816e-02
 81.00000   1.597816e-02
 81.05000   1.634816e-02
 81.10000   1.691816e-02
 81.15000   1.728816e-02
 81.20000   1.759816e-02
 81.25000   1.804816e-02
 81.30000   1.858816e-02
 81.35000   1.906816e-02
 81.40000   1.948816e-02
 81.45000   1.978816e-02
 81.50000   2.029816e-02
 81.55000   2.098816e-02
 81.60000   2.156816e-02
 81.65000   2.197816e-02
 81.70000   2.255816e-02
 81.75000   2.321816e-02
 81.80000   2.384816e-02
 81.85000   2.441816e-02
 81.90000   2.495816e-02
 81.95000   2.562816e-02
 82.00000   2.641816e-02
 82.05000   2.706816e-02
 82.10000   2.760816e-02
 82.15000   2.822816e-02
 82.20000   2.909816e-02
 82.25000   2.987816e-02
 82.30000   3.055816e-02
 82.35000   3.107816e-02
 82.40000   3.116816e-02
 82.45000   3.126816e-02
 82.50000   3.141816e-02
 82.55000   3.141816e-02
 82.60000   3.162816e-02
 82.65000   3.187816e-02
 82.70000   3.235816e-02
 82.75000   3.213816e-02
 82.80000   3.212816e-02
 82.85000   3.223816e-02
 82.90000   3.237816e-02
 82.95000   3.294816e-02
 83.00000   3.360816e-02
 83.05000   3.415816e-02
 83.10000   3.457816e-02
 83.15000   3.480816e-02
 83.20000   3.518816e-02
 83.25000   3.503816e-02
 83.30000   3.545816e-02
 83.35000   3.578816e-02
 83.40000   3.572816e-02
 83.45000   3.602816e-02
 83.50000   3.632816e-02
 83.55000   3.667816e-02
 83.60000   3.677816e-02
 83.65000   3.726816e-02
 83.70000   3.773816e-02
 83.75000   3.802816e-02
 83.80000   3.851816e-02
 83.85000   3.904816e-02
 83.90000   3.947816e-02
 83.95000   4.014816e-02
 84.00000   4.062816e-02
 84.05000   4.117816e-02
 84.10000   4.172816e-02
 84.15000   4.254816e-02
 84.20000   4.314816e-02
 84.25000   4.371816e-02
 84.30000   4.434816e-02
 84.35000   4.515816e-02
 84.40000   4.576816e-02
 84.45000   4.627816e-02
 84.50000   4.680816e-02
 84.55000   4.738816e-02
 84.60000   4.787816e-02
 84.65000   4.833816e-02
 84.70000   4.856816e-02
 84.75000   4.900816e-02
 84.80000   4.956816e-02
 84.85000   5.010816e-02
 84.90000   5.036816e-02
 84.95000   5.077816e-02
 85.00000   5.143816e-02
 85.05000   5.195816e-02
 85.10000   5.230816e-02
 85.15000   5.281816e-02
 85.20000   5.331816e-02
 85.25000   5.400816e-02
 85.30000   5.445816e-02
 85.35000   5.488816e-02
 85.40000   5.518816e-02
 85.45000   5.576816e-02
 85.50000   5.616816e-02
 85.55000   5.646816e-02
 85.60000   5.678816e-02
 85.65000   5.738816e-02
 85.70000   5.785816e-02
 85.75000   5.824816e-02
 85.80000   5.863816e-02
 85.85000   5.905816e-02
 85.90000   5.960816e-02
 85.95000   6.005816e-02
 86.00000   6.044816e-02
 86.05000   6.095816e-02
 86.10000   6.135816e-02
 86.15000   6.179816e-02
 86.20000   6.206816e-02
 86.25000   6.235816e-02
 86.30000   6.280816e-02
 86.35000   6.308816e-02
 86.40000   6.353816e-02
 86.45000   6.369816e-02
 86.50000   6.438816e-02
 86.55000   6.482816e-02
 86.60000   6.533816e-02
 86.65000   6.568816e-02
 86.70000   6.631816e-02
 86.75000   6.691816e-02
 86.80000   6.736816e-02
 86.85000   6.769816e-02
 86.90000   6.814816e-02
 86.95000   6.854816e-02
 87.00000   6.904816e-02
 87.05000   6.914816e-02
 87.10000   6.941816e-02
 87.15000   6.970816e-02
 87.20000   7.040816e-02
 87.25000   7.064816e-02
 87.30000   7.073816e-02
 87.35000   7.114816e-02
 87.40000   7.186816e-02
 87.45000   7.221816e-02
 87.50000   7.263816e-02
 87.55000   7.310816e-02
 87.60000   7.362816e-02
 87.65000   7.416816e-02
 87.70000   7.471816e-02
 87.75000   7.490816e-02
 87.80000   7.514816e-02
 87.85000   7.580816e-02
 87.90000   7.630816e-02
 87.95000   7.623816e-02
 88.00000   7.644816e-02
 88.05000   7.679816e-02
 88.10000   7.697816e-02
 88.15000   7.701816e-02
 88.20000   7.723816e-02
 88.25000   7.733816e-02
 88.30000   7.756816e-02
 88.35000   7.794816e-02
 88.40000   7.818816e-02
 88.45000   7.831816e-02
 88.50000   7.866816e-02
 88.55000   7.927816e-02
 88.60000   7.953816e-02
 88.65000   7.973816e-02
 88.70000   8.022816e-02
 88.75000   8.065816e-02
 88.80000   8.097816e-02
 88.85000   8.124816e-02
 88.90000   8.163816e-02
 88.95000   8.186816e-02
 89.00000   8.220816e-02
 89.05000   8.263816e-02
 89.10000   8.285816e-02
 89.15000   8.304816e-02
 89.20000   8.353816e-02
 89.25000   8.389816e-02
 89.30000   8.403816e-02
 89.35000   8.427816e-02
 89.40000   8.465816e-02
 89.45000   8.478816e-02
 89.50000   8.509816e-02
 89.55000   8.527816e-02
 89.60000   8.543816e-02
 89.65000   8.559816e-02
 89.70000   8.589816e-02
 89.75000   8.618816e-02
 89.80000   8.616816e-02
 89.85000   8.651816e-02
 89.90000   8.678816e-02
 89.95000   8.703816e-02
 90.00000   8.718816e-02
 90.05000   8.724816e-02
 90.10000   8.751816e-02
 90.15000   8.771816e-02
 90.20000   8.783816e-02
 90.25000   8.804816e-02
 90.30000   8.790816e-02
 90.35000   8.820816e-02
 90.40000   8.838816e-02
 90.45000   8.864816e-02
 90.50000   8.837816e-02
 90.55000   8.871816e-02
 90.60000   8.914816e-02
 90.65000   8.930816e-02
 90.70000   8.920816e-02
 90.75000   8.949816e-02
 90.80000   8.950816e-02
 90.85000   8.972816e-02
 90.90000   8.986816e-02
 90.95000   8.983816e-02
 91.00000   8.951816e-02
 91.05000   8.994816e-02
 91.10000   9.011816e-02
 91.15000   8.978816e-02
 91.20000   8.953816e-02
 91.25000   8.979816e-02
 91.30000   9.004816e-02
 91.35000   8.995816e-02
 91.40000   9.000816e-02
 91.45000   9.006816e-02
 91.50000   9.023816e-02
 91.55000   9.046816e-02
 91.60000   9.069816e-02
 91.65000   9.047816e-02
 91.70000   9.056816e-02
 91.75000   9.103816e-02
 91.80000   9.132816e-02
 91.85000   9.110816e-02
 91.90000   9.125816e-02
 91.95000   9.144816e-02
 92.00000   9.191816e-02
 92.05000   9.170816e-02
 92.10000   9.204816e-02
 92.15000   9.206816e-02
 92.20000   9.226816e-02
 92.25000   9.272816e-02
 92.30000   9.267816e-02
 92.35000   9.250816e-02
 92.40000   9.252816e-02
 92.45000   9.277816e-02
 92.50000   9.289816e-02
 92.55000   9.240816e-02
 92.60000   9.245816e-02
 92.65000   9.236816e-02
 92.70000   9.244816e-02
 92.75000   9.236816e-02
 92.80000   9.232816e-02
 92.85000   9.213816e-02
 92.90000   9.235816e-02
 92.95000   9.244816e-02
 93.00000   9.230816e-02
 93.05000   9.216816e-02
 93.10000   9.207816e-02
 93.15000   9.235816e-02
 93.20000   9.218816e-02
 93.25000   9.172816e-02
 93.30000   9.167816e-02
 93.35000   9.138816e-02
 93.40000   9.149816e-02
 93.45000   9.113816e-02
 93.50000   9.104816e-02
 93.55000   9.079816e-02
 93.60000   9.087816e-02
 93.65000   9.099816e-02
 93.70000   9.072816e-02
 93.75000   9.041816e-02
 93.80000   9.048816e-02
 93.85000   9.031816e-02
 93.90000   9.001816e-02
 93.95000   8.976816e-02
 94.00000   8.954816e-02
 94.05000   8.926816e-02
 94.10000   8.917816e-02
 94.15000   8.885816e-02
 94.20000   8.844816e-02
 94.25000   8.831816e-02
 94.30000   8.836816e-02
 94.35000   8.822816e-02
 94.40000   8.804816e-02
 94.45000   8.793816e-02
 94.50000   8.785816e-02
 94.55000   8.768816e-02
 94.60000   8.747816e-02
 94.65000   8.738816e-02
 94.70000   8.714816e-02
 94.75000   8.713816e-02
 94.80000   8.694816e-02
 94.85000   8.680816e-02
 94.90000   8.666816e-02
 94.95000   8.654816e-02
 95.00000   8.654816e-02
 95.05000   8.635816e-02
 95.10000   8.619816e-02
 95.15000   8.611816e-02
 95.20000   8.599816e-02
 95.25000   8.583816e-02
 95.30000   8.571816e-02
 95.35000   8.555816e-02
 95.40000   8.538816e-02
 95.45000   8.520816e-02
 95.50000   8.500816e-02
 95.55000   8.468816e-02
 95.60000   8.437816e-02
 95.65000   8.410816e-02
 95.70000   8.387816e-02
 95.75000   8.360816e-02
 95.80000   8.329816e-02
 95.85000   8.295816e-02
 95.90000   8.271816e-02
 95.95000   8.245816e-02
 96.00000   8.215816e-02
 96.05000   8.193816e-02
 96.10000   8.177816e-02
 96.15000   8.164816e-02
 96.20000   8.149816e-02
 96.25000   8.133816e-02
 96.30000   8.092816e-02
 96.35000   8.065816e-02
 96.40000   8.048816e-02
 96.45000   8.009816e-02
 96.50000   7.978816e-02
 96.55000   7.945816e-02
 96.60000   7.917816e-02
 96.65000   7.898816e-02
 96.70000   7.856816e-02
 96.75000   7.849816e-02
 96.80000   7.797816e-02
 96.85000   7.814816e-02
 96.90000   7.785816e-02
 96.95000   7.751816e-02
 97.00000   7.725816e-02
 97.05000   7.694816e-02
 97.10000   7.667816e-02
 97.15000   7.624816e-02
 97.20000   7.566816e-02
 97.25000   7.550816e-02
 97.30000   7.477816e-02
 97.35000   7.487816e-02
 97.40000   7.402816e-02
 97.45000   7.380816e-02
 97.50000   7.363816e-02
 97.55000   7.329816e-02
 97.60000   7.299816e-02
 97.65000   7.253816e-02
 97.70000   7.225816e-02
 97.75000   7.193816e-02
 97.80000   7.119816e-02
 97.85000   7.112816e-02
 97.90000   7.021816e-02
 97.95000   6.994816e-02
 98.00000   6.952816e-02
 98.05000   6.873816e-02
 98.10000   6.858816e-02
 98.15000   6.793816e-02
 98.20000   6.809816e-02
 98.25000   6.728816e-02
 98.30000   6.743816e-02
 98.35000   6.732816e-02
 98.40000   6.693816e-02
 98.45000   6.687816e-02
 98.50000   6.659816e-02
 98.55000   6.619816e-02
 98.60000   6.620816e-02
 98.65000   6.563816e-02
 98.70000   6.562816e-02
 98.75000   6.472816e-02
 98.80000   6.524816e-02
 98.85000   6.445816e-02
 98.90000   6.433816e-02
 98.95000   6.388816e-02
 99.00000   6.385816e-02
 99.05000   6.356816e-02
 99.10000   6.343816e-02
 99.15000   6.291816e-02
 99.20000   6.262816e-02
 99.25000   6.190816e-02
 99.30000   6.140816e-02
 99.35000   6.023816e-02
 99.40000   5.958816e-02
 99.45000   5.896816e-02
 99.50000   5.861816e-02
 99.55000   5.780816e-02
 99.60000   5.721816e-02
 99.65000   5.676816e-02
 99.70000   5.655816e-02
 99.75000   5.618816e-02
 99.80000   5.606816e-02
 99.85000   5.596816e-02
 99.90000   5.596816e-02
 99.95000   5.592816e-02
100.00000   5.551816e-02
100.05000   5.506816e-02
100.10000   5.465816e-02
100.15000   5.443816e-02
100.20000   5.383816e-02
100.25000   5.325816e-02
100.30000   5.285816e-02
100.35000   5.229816e-02
100.40000   5.201816e-02
100.45000   5.145816e-02
100.50000   5.089816e-02
100.55000   5.043816e-02
100.60000   5.005816e-02
100.65000   4.964816e-02
100.70000   4.905816e-02
100.75000   4.867816e-02
100.80000   4.828816e-02
100.85000   4.777816e-02
100.90000   4.733816e-02
100.95000   4.685816e-02
101.00000   4.640816e-02
101.05000   4.596816e-02
101.10000   4.563816e-02
101.15000   4.520816e-02
101.20000   4.470816e-02
101.25000   4.447816e-02
101.30000   4.408816e-02
101.35000   4.376816e-02
101.40000   4.340816e-02
101.45000   4.302816e-02
101.50000   4.264816e-02
101.55000   4.217816e-02
101.60000   4.183816e-02
101.65000   4.133816e-02
101.70000   4.077816e-02
101.75000   4.055816e-02
101.80000   4.008816e-02
101.85000   3.979816e-02
101.90000   3.938816e-02
101.95000   3.895816e-02
102.00000   3.869816e-02
102.05000   3.833816e-02
102.10000   3.808816e-02
102.15000   3.771816e-02
102.20000   3.741816e-02
102.25000   3.733816e-02
102.30000   3.691816e-02
102.35000   3.651816e-02
102.40000   3.609816e-02
102.45000   3.574816e-02
102.50000   3.540816e-02
102.55000   3.500816e-02
102.60000   3.445816e-02
102.65000   3.410816e-02
102.70000   3.385816e-02
102.75000   3.352816e-02
102.80000   3.300816e-02
102.85000   3.270816e-02
102.90000   3.253816e-02
102.95000   3.228816e-02
103.00000   3.190816e-02
103.05000   3.157816e-02
103.10000   3.118816e-02
103.15000   3.105816e-02
103.20000   3.061816e-02
103.25000   3.013816e-02
103.30000   2.960816e-02
103.35000   2.940816e-02
103.40000   2.903816e-02
103.45000   2.845816e-02
103.50000   2.807816e-02
103.55000   2.765816e-02
103.60000   2.756816e-02
103.65000   2.723816e-02
103.70000   2.686816e-02
103.75000   2.650816e-02
103.80000   2.633816e-02
103.85000   2.611816e-02
103.90000   2.561816e-02
103.95000   2.505816e-02
104.00000   2.481816e-02
104.05000   2.441816e-02
104.10000   2.401816e-02
104.15000   2.337816e-02
104.20000   2.306816e-02
104.25000   2.242816e-02
104.30000   2.227816e-02
104.35000   2.174816e-02
104.40000   2.131816e-02
104.45000   2.094816e-02
104.50000   2.084816e-02
104.55000   2.049816e-02
104.60000   2.004816e-02
104.65000   1.965816e-02
104.70000   1.938816e-02
104.75000   1.889816e-02
104.80000   1.850816e-02
104.85000   1.805816e-02
104.90000   1.761816e-02
104.95000   1.733816e-02
105.00000   1.714816e-02
105.05000   1.670816e-02
105.10000   1.659816e-02
105.15000   1.620816e-02
105.20000   1.659816e-02
105.25000   1.613816e-02
105.30000   1.644816e-02
105.35000   1.638816e-02
105.40000   1.630816e-02
105.45000   1.639816e-02
105.50000   1.616816e-02
105.55000   1.607816e-02
105.60000   1.597816e-02
105.65000   1.551816e-02
105.70000   1.588816e-02
105.75000   1.498816e-02
105.80000   1.550816e-02
105.85000   1.465816e-02
105.90000   1.486816e-02
105.95000   1.463816e-02
106.00000   1.422816e-02
106.05000   1.422816e-02
106.10000   1.374816e-02
106.15000   1.349816e-02
106.20000   1.340816e-02
106.25000   1.262816e-02
106.30000   1.275816e-02
106.35000   1.186816e-02
106.40000   1.208816e-02
106.45000   1.159816e-02
106.50000   1.119816e-02
106.55000   1.145816e-02
106.60000   1.087816e-02
106.65000   1.117816e-02
106.70000   1.089816e-02
106.75000   1.082816e-02
106.80000   1.086816e-02
106.85000   1.046816e-02
106.90000   1.036816e-02
106.95000   9.838161e-03
107.00000   9.288161e-03
107.05000   9.228161e-03
107.10000   8.438161e-03
107.15000   8.788161e-03
107.20000   8.308161e-03
107.25000   8.568161e-03
107.30000   8.638161e-03
107.35000   8.698161e-03
107.40000   9.048161e-03
107.45000   9.108161e-03
107.50000   9.358161e-03
107.55000   9.488161e-03
107.60000   9.358161e-03
107.65000   9.268161e-03
107.70000   8.628161e-03
107.75000   8.238161e-03
107.80000   7.428161e-03
107.85000   6.618161e-03
107.90000   5.968161e-03
107.95000   5.158161e-03
108.00000   4.678161e-03
108.05000   4.108161e-03
108.10000   3.948161e-03
108.15000   3.658161e-03
108.20000   3.688161e-03
108.25000   3.678161e-03
108.30000   3.738161e-03
108.35000   3.808161e-03
108.40000   3.908161e-03
108.45000   3.958161e-03
108.50000   4.008161e-03
108.55000   4.058161e-03
108.60000   4.058161e-03
108.65000   3.948161e-03
108.70000   3.848161e-03
108.75000   3.718161e-03
108.80000   3.568161e-03
108.85000   3.448161e-03
108.90000   3.418161e-03
108.95000   3.378161e-03
109.00000   3.368161e-03
109.05000   3.358161e-03
109.10000   3.368161e-03
109.15000   3.358161e-03
109.20000   3.368161e-03
109.25000   3.388161e-03
109.30000   3.348161e-03
109.35000   3.408161e-03
109.40000   3.398161e-03
109.45000   3.408161e-03
109.50000   3.378161e-03
109.55000   3.368161e-03
109.60000   3.358161e-03
109.65000   3.368161e-03
109.70000   3.458161e-03
109.75000   3.598161e-03
109.80000   3.668161e-03
109.85000   3.798161e-03
109.90000   4.398161e-03
110.00000   4.438161e-03
110.06000   4.458161e-03
110.12000   4.508161e-03
110.18000   4.508161e-03
110.24000   4.528161e-03
110.30000   4.438161e-03
110.36000   4.518161e-03
110.42000   4.448161e-03
110.48000   4.448161e-03
110.54000   4.598161e-03
110.60000   4.988161e-03
110.66000   5.058161e-03
110.72000   5.268161e-03
110.78000   5.348161e-03
110.84000   5.348161e-03
110.90000   5.308161e-03
110.96000   5.078161e-03
111.02000   4.988161e-03
111.08000   4.838161e-03
111.14000   4.678161e-03
111.20000   4.808161e-03
111.26000   4.728161e-03
111.32000   4.848161e-03
111.38000   4.978161e-03
111.44000   5.098161e-03
111.50000   5.328161e-03
111.56000   5.348161e-03
111.62000   5.458161e-03
111.68000   5.518161e-03
111.74000   5.498161e-03
111.80000   5.558161e-03
111.86000   5.588161e-03
111.92000   5.618161e-03
111.98000   5.778161e-03
112.04000   6.048161e-03
112.10000   6.268161e-03
112.16000   6.508161e-03
112.22000   6.758161e-03
112.28000   6.878161e-03
112.34000   7.008161e-03
112.40000   7.128161e-03
112.46000   7.278161e-03
112.52000   7.348161e-03
112.58000   7.418161e-03
112.64000   7.448161e-03
112.70000   7.608161e-03
112.76000   7.738161e-03
112.82000   8.018161e-03
112.88000   8.418161e-03
112.94000   8.778161e-03
113.00000   9.158161e-03
113.06000   9.628161e-03
113.12000   9.968161e-03
113.18000   1.032816e-02
113.24000   1.063816e-02
113.30000   1.090816e-02
113.36000   1.098816e-02
113.42000   1.106816e-02
113.48000   1.109816e-02
113.54000   1.112816e-02
113.60000   1.103816e-02
113.66000   1.113816e-02
113.72000   1.116816e-02
113.78000   1.122816e-02
113.84000   1.123816e-02
113.90000   1.142816e-02
113.96000   1.146816e-02
114.02000   1.161816e-02
114.08000   1.175816e-02
114.14000   1.192816e-02
114.20000   1.199816e-02
114.26000   1.219816e-02
114.32000   1.230816e-02
114.38000   1.247816e-02
114.44000   1.263816e-02
114.50000   1.286816e-02
114.56000   1.308816e-02
114.62000   1.333816e-02
114.68000   1.346816e-02
114.74000   1.374816e-02
114.80000   1.399816e-02
114.86000   1.403816e-02
114.92000   1.434816e-02
114.98000   1.454816e-02
115.04000   1.458816e-02
115.10000   1.481816e-02
115.16000   1.493816e-02
115.22000   1.506816e-02
115.28000   1.533816e-02
115.34000   1.543816e-02
115.40000   1.568816e-02
115.46000   1.591816e-02
115.52000   1.598816e-02
115.58000   1.631816e-02
115.64000   1.655816e-02
115.70000   1.663816e-02
115.76000   1.691816e-02
115.82000   1.717816e-02
115.88000   1.725816e-02
115.94000   1.755816e-02
116.00000   1.773816e-02
116.06000   1.792816e-02
116.12000   1.821816e-02
116.18000   1.836816e-02
116.24000   1.859816e-02
116.30000   1.881816e-02
116.36000   1.892816e-02
116.42000   1.913816e-02
116.48000   1.936816e-02
116.54000   1.945816e-02
116.60000   1.975816e-02
116.66000   1.994816e-02
116.72000   2.001816e-02
116.78000   2.028816e-02
116.84000   2.048816e-02
116.90000   2.060816e-02
116.96000   2.087816e-02
117.02000   2.109816e-02
117.08000   2.133816e-02
117.14000   2.157816e-02
117.20000   2.170816e-02
117.26000   2.197816e-02
117.32000   2.223816e-02
117.38000   2.225816e-02
117.44000   2.250816e-02
117.50000   2.273816e-02
117.56000   2.275816e-02
117.62000   2.296816e-02
117.68000   2.316816e-02
117.74000   2.326816e-02
117.80000   2.344816e-02
117.86000   2.364816e-02
117.92000   2.374816e-02
117.98000   2.397816e-02
118.04000   2.407805e-02
118.10000   2.426671e-02
118.16000   2.457537e-02
118.22000   2.457403e-02
118.28000   2.480268e-02
118.34000   2.508134e-02
118.40000   2.516000e-02
118.46000   2.530866e-02
118.52000   2.557732e-02
118.58000   2.562598e-02
118.64000   2.580463e-02
118.70000   2.595329e-02
118.76000   2.604195e-02
118.82000   2.622061e-02
118.88000   2.628927e-02
118.94000   2.639793e-02
119.00000   2.653658e-02
119.06000   2.656524e-02
119.12000   2.666390e-02
119.18000   2.688256e-02
119.24000   2.683122e-02
119.30000   2.695988e-02
119.36000   2.717853e-02
119.42000   2.716719e-02
119.48000   2.725585e-02
119.54000   2.738451e-02
119.60000   2.742317e-02
119.66000   2.752183e-02
119.72000   2.757048e-02
119.78000   2.762914e-02
119.84000   2.783780e-02
119.90000   2.780646e-02
119.96000   2.791512e-02
120.02000   2.816378e-02
120.08000   2.806244e-02
120.14000   2.812109e-02
120.20000   2.840975e-02
120.26000   2.837841e-02
120.32000   2.843707e-02
120.38000   2.860573e-02
120.44000   2.859439e-02
120.50000   2.866304e-02
120.56000   2.864170e-02
120.62000   2.869036e-02
120.68000   2.883902e-02
120.74000   2.878768e-02
120.80000   2.874634e-02
120.86000   2.898499e-02
120.92000   2.887365e-02
120.98000   2.885231e-02
121.04000   2.900097e-02
121.10000   2.897963e-02
121.16000   2.901829e-02
121.22000   2.907694e-02
121.28000   2.909560e-02
121.34000   2.914426e-02
121.40000   2.918292e-02
121.46000   2.920158e-02
121.52000   2.940024e-02
121.58000   2.938890e-02
121.64000   2.941755e-02
121.70000   2.958621e-02
121.76000   2.950487e-02
121.82000   2.948353e-02
121.88000   2.963219e-02
121.94000   2.963085e-02
122.00000   2.956950e-02
122.06000   2.969816e-02
122.12000   2.964682e-02
122.18000   2.972548e-02
122.24000   2.972414e-02
122.30000   2.970280e-02
122.36000   2.985146e-02
122.42000   2.983011e-02
122.48000   2.982877e-02
122.54000   2.996743e-02
122.60000   2.987609e-02
122.66000   2.979475e-02
122.72000   2.991341e-02
122.78000   2.984206e-02
122.84000   2.977072e-02
122.90000   2.982938e-02
122.96000   2.979804e-02
123.02000   2.978670e-02
123.08000   2.975536e-02
123.14000   2.971402e-02
123.20000   2.977267e-02
123.26000   2.963133e-02
123.32000   2.957999e-02
123.38000   2.966865e-02
123.44000   2.956731e-02
123.50000   2.945597e-02
123.56000   2.953462e-02
123.62000   2.948328e-02
123.68000   2.940194e-02
123.74000   2.940060e-02
123.80000   2.931926e-02
123.86000   2.933792e-02
123.92000   2.920658e-02
123.98000   2.912523e-02
124.04000   2.911389e-02
124.10000   2.898255e-02
124.16000   2.883121e-02
124.22000   2.881987e-02
124.28000   2.869853e-02
124.34000   2.849719e-02
124.40000   2.848584e-02
124.46000   2.834450e-02
124.52000   2.820316e-02
124.58000   2.817182e-02
124.64000   2.811048e-02
124.70000   2.798914e-02
124.76000   2.792779e-02
124.82000   2.780645e-02
124.88000   2.769511e-02
124.94000   2.763377e-02
125.00000   2.750243e-02
125.06000   2.745109e-02
125.12000   2.737975e-02
125.18000   2.722840e-02
125.24000   2.719706e-02
125.30000   2.709572e-02
125.36000   2.693438e-02
125.42000   2.689304e-02
125.48000   2.674170e-02
125.54000   2.661036e-02
125.60000   2.651901e-02
125.66000   2.636767e-02
125.72000   2.626633e-02
125.78000   2.618499e-02
125.84000   2.603365e-02
125.90000   2.599231e-02
125.96000   2.589097e-02
126.02000   2.576962e-02
126.08000   2.573828e-02
126.14000   2.563694e-02
126.20000   2.550560e-02
126.26000   2.544426e-02
126.32000   2.532292e-02
126.38000   2.515158e-02
126.44000   2.503023e-02
126.50000   2.483889e-02
126.56000   2.467755e-02
126.62000   2.451621e-02
126.68000   2.437487e-02
126.74000   2.421353e-02
126.80000   2.401219e-02
126.86000   2.384084e-02
126.92000   2.367950e-02
126.98000   2.346816e-02
127.04000   2.328682e-02
127.10000   2.314548e-02
127.16000   2.301414e-02
127.22000   2.283280e-02
127.28000   2.266145e-02
127.34000   2.256011e-02
127.40000   2.232877e-02
127.46000   2.213743e-02
127.52000   2.198609e-02
127.58000   2.178475e-02
127.64000   2.160341e-02
127.70000   2.144206e-02
127.76000   2.129072e-02
127.82000   2.111938e-02
127.88000   2.090804e-02
127.94000   2.076670e-02
128.00000   2.066536e-02
128.06000   2.043402e-02
128.12000   2.033268e-02
128.18000   2.026133e-02
128.24000   2.003999e-02
128.30000   1.993865e-02
128.36000   1.983731e-02
128.42000   1.969597e-02
128.48000   1.955463e-02
128.54000   1.942329e-02
128.60000   1.931194e-02
128.66000   1.919060e-02
128.72000   1.896926e-02
128.78000   1.888792e-02
128.84000   1.877658e-02
128.90000   1.851524e-02
128.96000   1.840390e-02
129.02000   1.829255e-02
129.08000   1.809121e-02
129.14000   1.792987e-02
129.20000   1.779853e-02
129.26000   1.768719e-02
129.32000   1.751585e-02
129.38000   1.734451e-02
129.44000   1.724317e-02
129.50000   1.708182e-02
129.56000   1.690048e-02
129.62000   1.674914e-02
129.68000   1.662780e-02
129.74000   1.643646e-02
129.80000   1.629512e-02
129.86000   1.618378e-02
129.92000   1.607243e-02
129.98000   1.589109e-02
130.04000   1.577975e-02
130.10000   1.562841e-02
130.16000   1.543707e-02
130.22000   1.532573e-02
130.28000   1.516439e-02
130.34000   1.501305e-02
130.40000   1.483170e-02
130.46000   1.466036e-02
130.52000   1.454902e-02
130.58000   1.440768e-02
130.64000   1.420634e-02
130.70000   1.413500e-02
130.76000   1.404366e-02
130.82000   1.388232e-02
130.88000   1.384097e-02
130.94000   1.373963e-02
131.00000   1.358829e-02
131.06000   1.346695e-02
131.12000   1.336561e-02
131.18000   1.324427e-02
131.24000   1.311293e-02
131.30000   1.298158e-02
131.36000   1.292024e-02
131.42000   1.280890e-02
131.48000   1.262756e-02
131.54000   1.257622e-02
131.60000   1.245488e-02
131.66000   1.229354e-02
131.72000   1.223220e-02
131.78000   1.214085e-02
131.84000   1.201951e-02
131.90000   1.191817e-02
131.96000   1.181683e-02
132.02000   1.176549e-02
132.08000   1.162415e-02
132.14000   1.153281e-02
132.20000   1.149147e-02
132.26000   1.138012e-02
132.32000   1.122878e-02
132.38000   1.114744e-02
132.44000   1.105610e-02
132.50000   1.092476e-02
132.56000   1.079342e-02
132.62000   1.068208e-02
132.68000   1.055074e-02
132.74000   1.038939e-02
132.80000   1.028805e-02
132.86000   1.018671e-02
132.92000   1.007537e-02
132.98000   9.994030e-03
133.04000   9.942689e-03
133.10000   9.861347e-03
133.16000   9.790006e-03
133.22000   9.708665e-03
133.28000   9.667324e-03
133.34000   9.585983e-03
133.40000   9.474641e-03
133.46000   9.453300e-03
133.52000   9.361959e-03
133.58000   9.270618e-03
133.64000   9.219277e-03
133.70000   9.107935e-03
133.76000   9.026594e-03
133.82000   8.925253e-03
133.88000   8.803912e-03
133.94000   8.742570e-03
134.00000   8.651229e-03
134.06000   8.569888e-03
134.12000   8.548547e-03
134.18000   8.467206e-03
134.24000   8.415865e-03
134.30000   8.394523e-03
134.36000   8.353182e-03
134.42000   8.341841e-03
134.48000   8.340500e-03
134.54000   8.319159e-03
134.60000   8.327817e-03
134.66000   8.296476e-03
134.72000   8.275135e-03
134.78000   8.253794e-03
134.84000   8.202453e-03
134.90000   8.161112e-03
134.96000   8.139770e-03
135.02000   8.088429e-03
135.08000   8.037088e-03
135.14000   8.025747e-03
135.20000   8.004406e-03
135.26000   7.983065e-03
135.32000   8.011723e-03
135.38000   8.020382e-03
135.44000   8.039041e-03
135.50000   8.067700e-03
135.56000   8.096359e-03
135.62000   8.135018e-03
135.68000   8.173677e-03
135.74000   8.172335e-03
135.80000   8.190994e-03
135.86000   8.199653e-03
135.92000   8.178312e-03
135.98000   8.146971e-03
136.04000   8.125630e-03
136.10000   8.094289e-03
136.16000   8.082947e-03
136.22000   8.091606e-03
136.28000   8.110265e-03
136.34000   8.108924e-03
136.40000   8.147583e-03
136.46000   8.166242e-03
136.52000   8.184901e-03
136.58000   8.223560e-03
136.64000   8.262218e-03
136.70000   8.320877e-03
136.76000   8.399536e-03
136.82000   8.448195e-03
136.88000   8.516854e-03
136.94000   8.595513e-03
137.00000   8.654172e-03
137.06000   8.722831e-03
137.12000   8.841490e-03
137.18000   8.920149e-03
137.24000   9.018807e-03
137.30000   9.097466e-03
137.36000   9.166125e-03
137.42000   9.254784e-03
137.48000   9.303443e-03
137.54000   9.342102e-03
137.60000   9.420761e-03
137.66000   9.439420e-03
137.72000   9.498079e-03
137.78000   9.546738e-03
137.84000   9.575397e-03
137.90000   9.644055e-03
137.96000   9.742714e-03
138.02000   9.781373e-03
138.08000   9.890032e-03
138.14000   9.958691e-03
138.20000   1.003735e-02
138.26000   1.016601e-02
138.32000   1.022467e-02
138.38000   1.032333e-02
138.44000   1.047199e-02
138.50000   1.050064e-02
138.56000   1.058930e-02
138.62000   1.064796e-02
138.68000   1.068662e-02
138.74000   1.074528e-02
138.80000   1.083394e-02
138.86000   1.088260e-02
138.92000   1.094126e-02
138.98000   1.100992e-02
139.04000   1.105858e-02
139.10000   1.115723e-02
139.16000   1.119589e-02
139.22000   1.128455e-02
139.28000   1.143321e-02
139.34000   1.151187e-02
139.40000   1.162053e-02
139.46000   1.176919e-02
139.52000   1.184785e-02
139.58000   1.192651e-02
139.64000   1.205516e-02
139.70000   1.211382e-02
139.76000   1.221248e-02
139.82000   1.230114e-02
139.88000   1.235980e-02
139.94000   1.250846e-02
140.00000   1.257712e-02
140.06000   1.261578e-02
140.12000   1.274444e-02
140.18000   1.280310e-02
140.24000   1.285175e-02
140.30000   1.301041e-02
140.36000   1.306907e-02
140.42000   1.316773e-02
140.48000   1.330639e-02
140.54000   1.339505e-02
140.60000   1.350371e-02
140.66000   1.362237e-02
140.72000   1.369103e-02
140.78000   1.385969e-02
140.84000   1.395834e-02
140.90000   1.400700e-02
140.96000   1.419566e-02
141.02000   1.427432e-02
141.08000   1.431298e-02
141.14000   1.445164e-02
141.20000   1.452030e-02
141.26000   1.456896e-02
141.32000   1.470762e-02
141.38000   1.479628e-02
141.44000   1.492494e-02
141.50000   1.506359e-02
141.56000   1.516225e-02
141.62000   1.532091e-02
141.68000   1.544957e-02
141.74000   1.550823e-02
141.80000   1.566689e-02
141.86000   1.577555e-02
141.92000   1.586421e-02
141.98000   1.601287e-02
142.04000   1.607153e-02
142.10000   1.611018e-02
142.16000   1.621884e-02
142.22000   1.625750e-02
142.28000   1.628616e-02
142.34000   1.635482e-02
142.40000   1.641348e-02
142.46000   1.653214e-02
142.52000   1.662080e-02
142.58000   1.662946e-02
142.64000   1.679812e-02
142.70000   1.688678e-02
142.76000   1.690543e-02
142.82000   1.704409e-02
142.88000   1.714275e-02
142.94000   1.717141e-02
143.00000   1.731007e-02
143.06000   1.740873e-02
143.12000   1.751739e-02
143.18000   1.762605e-02
143.24000   1.771471e-02
143.30000   1.783337e-02
143.36000   1.797202e-02
143.42000   1.803068e-02
143.48000   1.813934e-02
143.54000   1.832800e-02
143.60000   1.837666e-02
143.66000   1.852532e-02
143.72000   1.862398e-02
143.78000   1.865264e-02
143.84000   1.875130e-02
143.90000   1.883996e-02
143.96000   1.889862e-02
144.02000   1.901727e-02
144.08000   1.908593e-02
144.14000   1.918459e-02
144.20000   1.930325e-02
144.26000   1.936191e-02
144.32000   1.948057e-02
144.38000   1.957923e-02
144.44000   1.962789e-02
144.50000   1.971655e-02
144.56000   1.982521e-02
144.62000   1.986387e-02
144.68000   1.995253e-02
144.74000   2.007118e-02
144.80000   2.013984e-02
144.86000   2.018850e-02
144.92000   2.024716e-02
144.98000   2.028582e-02
145.04000   2.037448e-02
145.10000   2.044314e-02
145.16000   2.053180e-02
145.22000   2.065046e-02
145.28000   2.066912e-02
145.34000   2.073778e-02
145.40000   2.084643e-02
145.46000   2.085509e-02
145.52000   2.089375e-02
145.58000   2.098241e-02
145.64000   2.104107e-02
145.70000   2.109973e-02
145.76000   2.117839e-02
145.82000   2.122705e-02
145.88000   2.127571e-02
145.94000   2.129437e-02
146.00000   2.134303e-02
146.06000   2.140169e-02
146.12000   2.142034e-02
146.18000   2.143900e-02
146.24000   2.155766e-02
146.30000   2.152632e-02
146.36000   2.153498e-02
146.42000   2.158364e-02
146.48000   2.156230e-02
146.54000   2.153096e-02
146.60000   2.155962e-02
146.66000   2.151828e-02
146.72000   2.151694e-02
146.78000   2.152560e-02
146.84000   2.151425e-02
146.90000   2.156291e-02
146.96000   2.152157e-02
147.02000   2.155023e-02
147.08000   2.158889e-02
147.14000   2.155755e-02
147.20000   2.157621e-02
147.26000   2.165487e-02
147.32000   2.165353e-02
147.38000   2.168219e-02
147.44000   2.174085e-02
147.50000   2.173951e-02
147.56000   2.171817e-02
147.62000   2.172682e-02
147.68000   2.175548e-02
147.74000   2.174414e-02
147.80000   2.173280e-02
147.86000   2.171146e-02
147.92000   2.173012e-02
147.98000   2.165878e-02
148.04000   2.159744e-02
148.10000   2.165610e-02
148.16000   2.157476e-02
148.22000   2.153342e-02
148.28000   2.159208e-02
148.34000   2.155074e-02
148.40000   2.149939e-02
148.46000   2.149805e-02
148.52000   2.147671e-02
148.58000   2.145537e-02
148.64000   2.140403e-02
148.70000   2.136269e-02
148.76000   2.138135e-02
148.82000   2.132001e-02
148.88000   2.125867e-02
148.94000   2.128733e-02
149.00000   2.122599e-02
149.06000   2.113465e-02
149.12000   2.117331e-02
149.18000   2.114196e-02
149.24000   2.100062e-02
149.30000   2.096928e-02
149.36000   2.097794e-02
149.42000   2.087660e-02
149.48000   2.077526e-02
149.54000   2.071392e-02
149.60000   2.072258e-02
149.66000   2.053124e-02
149.72000   2.043990e-02
149.78000   2.044856e-02
149.84000   2.033722e-02
149.90000   2.018588e-02
149.96000   2.013454e-02
150.02000   2.013319e-02
150.08000   2.000872e-02
150.14000   1.987210e-02
150.20000   1.984549e-02
150.26000   1.981887e-02
150.32000   1.962226e-02
150.38000   1.955564e-02
150.44000   1.956903e-02
150.50000   1.943241e-02
150.56000   1.930580e-02
150.62000   1.930918e-02
150.68000   1.924257e-02
150.74000   1.904595e-02
150.80000   1.901934e-02
150.86000   1.899273e-02
150.92000   1.882611e-02
150.98000   1.872950e-02
151.04000   1.875288e-02
151.10000   1.864627e-02
151.16000   1.849965e-02
151.22000   1.843304e-02
151.28000   1.842643e-02
151.34000   1.829981e-02
151.40000   1.813320e-02
151.46000   1.811658e-02
151.52000   1.811997e-02
151.58000   1.798336e-02
151.64000   1.786674e-02
151.70000   1.789013e-02
151.76000   1.773352e-02
151.82000   1.761690e-02
151.88000   1.759029e-02
151.94000   1.753367e-02
152.00000   1.738706e-02
152.06000   1.733045e-02
152.12000   1.731383e-02
152.18000   1.718722e-02
152.24000   1.703061e-02
152.30000   1.701399e-02
152.36000   1.697738e-02
152.42000   1.680077e-02
152.48000   1.677415e-02
152.54000   1.680754e-02
152.60000   1.668093e-02
152.66000   1.654431e-02
152.72000   1.654770e-02
152.78000   1.651109e-02
152.84000   1.634448e-02
152.90000   1.625786e-02
152.96000   1.629125e-02
153.02000   1.622464e-02
153.08000   1.609802e-02
153.14000   1.608141e-02
153.20000   1.609480e-02
153.26000   1.597819e-02
153.32000   1.587157e-02
153.38000   1.592496e-02
153.44000   1.583835e-02
153.50000   1.567174e-02
153.56000   1.568512e-02
153.62000   1.568851e-02
153.68000   1.553190e-02
153.74000   1.546529e-02
153.80000   1.545868e-02
153.86000   1.536206e-02
153.92000   1.521545e-02
153.98000   1.516884e-02
154.04000   1.514223e-02
154.10000   1.502562e-02
154.16000   1.492900e-02
154.22000   1.489239e-02
154.28000   1.485578e-02
154.34000   1.467917e-02
154.40000   1.465256e-02
154.46000   1.462594e-02
154.52000   1.450933e-02
154.58000   1.443272e-02
154.64000   1.439611e-02
154.70000   1.437950e-02
154.76000   1.429289e-02
154.82000   1.425627e-02
154.88000   1.420966e-02
154.94000   1.415305e-02
155.00000   1.399644e-02
155.06000   1.398983e-02
155.12000   1.394322e-02
155.18000   1.381661e-02
155.24000   1.379000e-02
155.30000   1.378338e-02
155.36000   1.368677e-02
155.42000   1.361016e-02
155.48000   1.357355e-02
155.54000   1.348694e-02
155.60000   1.343033e-02
155.66000   1.333372e-02
155.72000   1.328711e-02
155.78000   1.323050e-02
155.84000   1.314389e-02
155.90000   1.311728e-02
155.96000   1.309067e-02
156.02000   1.298405e-02
156.08000   1.296744e-02
156.14000   1.296083e-02
156.20000   1.288422e-02
156.26000   1.289761e-02
156.32000   1.291100e-02
156.38000   1.285439e-02
156.44000   1.282778e-02
156.50000   1.283117e-02
156.56000   1.276456e-02
156.62000   1.272795e-02
156.68000   1.269134e-02
156.74000   1.269473e-02
156.80000   1.268812e-02
156.86000   1.266151e-02
156.92000   1.267490e-02
156.98000   1.269829e-02
157.04000   1.263168e-02
157.10000   1.263507e-02
157.16000   1.266846e-02
157.22000   1.262185e-02
157.28000   1.261524e-02
157.34000   1.266863e-02
157.40000   1.268202e-02
157.46000   1.265541e-02
157.52000   1.265880e-02
157.58000   1.268219e-02
157.64000   1.269559e-02
157.70000   1.267898e-02
157.76000   1.274237e-02
157.82000   1.279576e-02
157.88000   1.279915e-02
157.94000   1.283254e-02
158.00000   1.291593e-02
158.06000   1.288932e-02
158.12000   1.290271e-02
158.18000   1.303610e-02
158.24000   1.302949e-02
158.30000   1.303288e-02
158.36000   1.308628e-02
158.42000   1.317967e-02
158.48000   1.320306e-02
158.54000   1.320645e-02
158.60000   1.326984e-02
158.66000   1.335323e-02
158.72000   1.334662e-02
158.78000   1.337002e-02
158.84000   1.354341e-02
158.90000   1.353680e-02
158.96000   1.359019e-02
159.02000   1.370358e-02
159.08000   1.377697e-02
159.14000   1.377036e-02
159.20000   1.384376e-02
159.26000   1.392715e-02
159.32000   1.399054e-02
159.38000   1.400393e-02
159.44000   1.406732e-02
159.50000   1.424072e-02
159.56000   1.422411e-02
159.62000   1.425750e-02
159.68000   1.441089e-02
159.74000   1.447428e-02
159.80000   1.446768e-02
159.86000   1.462107e-02
160.00000   1.478565e-02
160.10000   1.529464e-02
160.20000   1.558363e-02
160.30000   1.603261e-02
160.40000   1.631160e-02
160.50000   1.669059e-02
160.60000   1.704958e-02
160.70000   1.736856e-02
160.80000   1.766755e-02
160.90000   1.796654e-02
161.00000   1.831553e-02
161.10000   1.856452e-02
161.20000   1.898351e-02
161.30000   1.920249e-02
161.40000   1.962148e-02
161.50000   1.988047e-02
161.60000   2.026946e-02
161.70000   2.044845e-02
161.80000   2.075744e-02
161.90000   2.100643e-02
162.00000   2.134542e-02
162.10000   2.159441e-02
162.20000   2.182340e-02
162.30000   2.197239e-02
162.40000   2.217138e-02
162.50000   2.244037e-02
162.60000   2.265936e-02
162.70000   2.299835e-02
162.80000   2.320734e-02
162.90000   2.355633e-02
163.00000   2.374532e-02
163.10000   2.410236e-02
163.20000   2.431815e-02
163.30000   2.461394e-02
163.40000   2.476973e-02
163.50000   2.503552e-02
163.60000   2.497130e-02
163.70000   2.505709e-02
163.80000   2.504288e-02
163.90000   2.518867e-02
164.00000   2.509446e-02
164.10000   2.514025e-02
164.20000   2.500604e-02
164.30000   2.478183e-02
164.40000   2.456762e-02
164.50000   2.437341e-02
164.60000   2.424921e-02
164.70000   2.429500e-02
164.80000   2.419079e-02
164.90000   2.397658e-02
165.00000   2.381237e-02
165.10000   2.355816e-02
165.20000   2.317396e-02
165.30000   2.263975e-02
165.40000   2.231554e-02
165.50000   2.197133e-02
165.60000   2.151713e-02
165.70000   2.084292e-02
165.80000   2.031871e-02
165.90000   2.008451e-02
166.00000   1.999030e-02
166.10000   1.997610e-02
166.20000   2.002189e-02
166.30000   1.983769e-02
166.40000   1.986348e-02
166.50000   1.973927e-02
166.60000   1.974507e-02
166.70000   1.968087e-02
166.80000   1.958666e-02
166.90000   1.942246e-02
167.00000   1.928825e-02
167.10000   1.874405e-02
167.20000   1.777984e-02
167.30000   1.717564e-02
167.40000   1.715144e-02
167.50000   1.725724e-02
167.60000   1.723303e-02
167.70000   1.685883e-02
167.80000   1.674463e-02
167.90000   1.696042e-02
168.00000   1.709622e-02
168.10000   1.697202e-02
168.20000   1.695782e-02
168.30000   1.708362e-02
168.40000   1.693942e-02
168.50000   1.662522e-02
168.60000   1.621101e-02
168.70000   1.594681e-02
168.80000   1.610261e-02
168.90000   1.657841e-02
169.00000   1.692421e-02
169.10000   1.691001e-02
169.20000   1.681581e-02
169.30000   1.666161e-02
169.40000   1.693742e-02
169.50000   1.712322e-02
169.60000   1.737902e-02
169.70000   1.766482e-02
169.80000   1.801062e-02
169.90000   1.801642e-02
170.00000   1.761222e-02
170.10000   1.733803e-02
170.20000   1.757383e-02
170.30000   1.831963e-02
170.40000   1.936544e-02
170.50000   2.055124e-02
170.60000   2.162704e-02
170.70000   2.250284e-02
170.80000   2.348865e-02
170.90000   2.480445e-02
171.00000   2.618026e-02
171.10000   2.760606e-02
171.20000   2.878187e-02
171.30000   2.969767e-02
171.40000   3.029347e-02
171.50000   3.060928e-02
171.60000   3.087508e-02
171.70000   3.110089e-02
171.80000   3.162670e-02
171.90000   3.181250e-02
172.00000   3.155831e-02
172.10000   3.119411e-02
172.20000   3.059992e-02
172.30000   3.034573e-02
172.40000   3.029153e-02
172.50000   3.072734e-02
172.60000   3.121315e-02
172.70000   3.183896e-02
172.80000   3.261476e-02
172.90000   3.309057e-02
173.00000   3.392638e-02
173.10000   3.480219e-02
173.20000   3.560897e-02
173.30000   3.676825e-02
173.40000   3.727754e-02
173.50000   3.785683e-02
173.60000   3.804611e-02
173.70000   3.855540e-02
173.80000   3.918469e-02
173.90000   3.950397e-02
174.00000   4.025326e-02
174.10000   4.048255e-02
174.20000   4.119183e-02
174.30000   4.201112e-02
174.40000   4.273040e-02
174.50000   4.443969e-02
174.60000   4.565898e-02
174.70000   4.728826e-02
174.80000   4.827755e-02
174.90000   4.880684e-02
175.00000   4.969612e-02
175.10000   5.003541e-02
175.20000   5.111470e-02
175.30000   5.149398e-02
175.40000   5.171327e-02
175.50000   5.208256e-02
175.60000   5.171184e-02
175.70000   5.215113e-02
175.80000   5.216041e-02
175.90000   5.280970e-02
176.00000   5.378899e-02
176.10000   5.411827e-02
176.20000   5.507756e-02
176.30000   5.509685e-02
176.40000   5.585613e-02
176.50000   5.664542e-02
176.60000   5.732471e-02
176.70000   5.860399e-02
176.80000   5.894328e-02
176.90000   5.975256e-02
177.00000   5.999185e-02
177.10000   6.048114e-02
177.20000   6.159042e-02
177.30000   6.259971e-02
177.40000   6.415900e-02
177.50000   6.522828e-02
177.60000   6.624757e-02
177.70000   6.714686e-02
177.80000   6.811614e-02
177.90000   6.950543e-02
178.00000   7.086472e-02
178.10000   7.249400e-02
178.20000   7.366329e-02
178.30000   7.488257e-02
178.40000   7.580186e-02
178.50000   7.702115e-02
178.60000   7.860043e-02
178.70000   8.037972e-02
178.80000   8.266901e-02
178.90000   8.406829e-02
179.00000   8.611758e-02
179.10000   8.766687e-02
179.20000   8.961615e-02
179.30000   9.132544e-02
179.40000   9.249473e-02
179.50000   9.402401e-02
179.60000   9.443330e-02
179.70000   9.574259e-02
179.80000   9.623187e-02
179.90000   9.640116e-02
180.00000   9.737044e-02
180.10000   9.723973e-02
180.20000   9.782902e-02
180.30000   9.736830e-02
180.40000   9.747759e-02
180.50000   9.777688e-02
180.60000   9.789616e-02
180.70000   9.916545e-02
180.80000   9.983474e-02
180.90000   1.015340e-01
181.00000   1.029133e-01
181.10000   1.041826e-01
181.20000   1.059419e-01
181.30000   1.071012e-01
181.40000   1.095605e-01
181.50000   1.113897e-01
181.60000   1.134290e-01
181.70000   1.150583e-01
181.80000   1.154576e-01
181.90000   1.161069e-01
182.00000   1.151862e-01
182.10000   1.150955e-01
182.20000   1.141747e-01
182.30000   1.126840e-01
182.40000   1.118233e-01
182.50000   1.091526e-01
182.60000   1.073119e-01
182.70000   1.042512e-01
182.80000   1.016505e-01
182.90000   9.961975e-02
183.00000   9.645904e-02
183.10000   9.462832e-02
183.20000   9.183761e-02
183.30000   8.992690e-02
183.40000   8.859618e-02
183.50000   8.647547e-02
183.60000   8.539476e-02
183.70000   8.315404e-02
183.80000   8.227333e-02
183.90000   8.105262e-02
184.00000   7.977190e-02
184.10000   7.926119e-02
184.20000   7.765048e-02
184.30000   7.723976e-02
184.40000   7.592905e-02
184.50000   7.487833e-02
184.60000   7.396762e-02
184.70000   7.247691e-02
184.80000   7.194619e-02
184.90000   7.096548e-02
185.00000   7.038477e-02
185.10000   6.947405e-02
185.20000   6.850334e-02
185.30000   6.845263e-02
185.40000   6.842191e-02
185.50000   6.922120e-02
185.60000   6.999049e-02
185.70000   7.030977e-02
185.80000   7.086906e-02
185.90000   7.137835e-02
186.00000   7.211763e-02
186.10000   7.297692e-02
186.20000   7.367620e-02
186.30000   7.461549e-02
186.40000   7.585478e-02
186.50000   7.742406e-02
186.60000   7.907335e-02
186.70000   8.032264e-02
186.80000   8.288192e-02
186.90000   8.619121e-02
187.00000   9.031050e-02
187.10000   9.523978e-02
187.20000   9.996907e-02
187.30000   1.063284e-01
187.40000   1.135176e-01
187.50000   1.209069e-01
187.60000   1.282662e-01
187.70000   1.358055e-01
187.80000   1.446248e-01
187.90000   1.538641e-01
188.00000   1.635134e-01
188.10000   1.725026e-01
188.20000   1.824619e-01
188.30000   1.937312e-01
188.40000   2.060705e-01
188.50000   2.201498e-01
188.60000   2.339591e-01
188.70000   2.502984e-01
188.80000   2.672377e-01
188.90000   2.852769e-01
189.00000   3.037162e-01
189.10000   3.209055e-01
189.20000   3.387748e-01
189.30000   3.536041e-01
189.40000   3.678234e-01
189.50000   3.817127e-01
189.60000   3.932519e-01
189.70000   4.071212e-01
189.80000   4.191205e-01
189.90000   4.336298e-01
190.00000   4.473591e-01
190.10000   4.611184e-01
190.20000   4.756677e-01
190.30000   4.886970e-01
190.40000   5.044062e-01
190.50000   5.187255e-01
190.60000   5.339348e-01
190.70000   5.494041e-01
190.80000   5.628134e-01
190.90000   5.775227e-01
191.00000   5.895720e-01
191.10000   6.028312e-01
191.20000   6.150405e-01
191.30000   6.268798e-01
191.40000   6.399691e-01
191.50000   6.504984e-01
191.60000   6.625177e-01
191.70000   6.717170e-01
191.80000   6.815762e-01
191.90000   6.922255e-01
192.00000   7.017848e-01
192.10000   7.128941e-01
192.20000   7.219434e-01
192.30000   7.314627e-01
192.40000   7.402020e-01
192.50000   7.477113e-01
192.60000   7.566405e-01
192.70000   7.636598e-01
192.80000   7.722891e-01
192.90000   7.799684e-01
193.00000   7.867277e-01
193.10000   7.939870e-01
193.20000   7.997463e-01
193.30000   8.064855e-01
193.40000   8.128048e-01
193.50000   8.194341e-01
193.60000   8.263534e-01
193.70000   8.322427e-01
193.80000   8.387120e-01
193.90000   8.442613e-01
194.00000   8.501106e-01
194.10000   8.560798e-01
194.20000   8.616291e-01
194.30000   8.675784e-01
194.40000   8.728077e-01
194.50000   8.782570e-01
194.60000   8.832063e-01
194.70000   8.879956e-01
194.80000   8.926348e-01
194.90000   8.968541e-01
195.00000   9.011234e-01
195.10000   9.048827e-01
195.20000   9.085720e-01
195.30000   9.120113e-01
195.40000   9.153106e-01
195.50000   9.186798e-01
195.60000   9.215891e-01
195.70000   9.245084e-01
195.80000   9.268777e-01
195.90000   9.292570e-01
196.00000   9.314163e-01
196.10000   9.335456e-01
196.20000   9.357549e-01
196.30000   9.375241e-01
196.40000   9.394334e-01
196.50000   9.410627e-01
196.60000   9.428020e-01
196.70000   9.445513e-01
196.80000   9.461106e-01
196.90000   9.477999e-01
197.00000   9.492991e-01
197.10000   9.508784e-01
197.20000   9.523077e-01
197.30000   9.537770e-01
197.40000   9.554063e-01
197.50000   9.568356e-01
197.60000   9.583549e-01
197.70000   9.595242e-01
197.80000   9.606334e-01
197.90000   9.615927e-01
198.00000   9.625320e-01
198.10000   9.635013e-01
198.20000   9.643506e-01
198.30000   9.652499e-01
198.40000   9.658992e-01
198.50000   9.665484e-01
198.60000   9.671577e-01
198.70000   9.677470e-01
198.80000   9.684663e-01
198.90000   9.691256e-01
199.00000   9.698749e-01
199.10000   9.705142e-01
199.20000   9.711235e-01
199.30000   9.717627e-01
199.40000   9.723220e-01
199.50000   9.730813e-01
199.60000   9.737606e-01
199.70000   9.744899e-01
199.80000   9.751792e-01
199.90000   9.757785e-01
200.00000   9.764077e-01
200.10000   9.769370e-01
200.20000   9.775063e-01
200.30000   9.780856e-01
200.40000   9.786349e-01
200.50000   9.791942e-01
200.60000   9.796335e-01
200.70000   9.800727e-01
200.80000   9.804320e-01
200.90000   9.808213e-01
201.00000   9.812306e-01
201.10000   9.816099e-01
201.20000   9.820392e-01
201.30000   9.824085e-01
201.40000   9.827878e-01
201.50000   9.831070e-01
201.60000   9.833963e-01
201.70000   9.837056e-01
201.80000   9.839849e-01
201.90000   9.843042e-01
202.00000   9.845735e-01
202.10000   9.848328e-01
202.20000   9.850620e-01
202.30000   9.852513e-01
202.40000   9.854506e-01
202.50000   9.856199e-01
202.60000   9.858392e-01
202.70000   9.860285e-01
202.80000   9.862078e-01
202.90000   9.863771e-01
203.00000   9.865163e-01
203.10000   9.866656e-01
203.20000   9.868149e-01
203.30000   9.869842e-01
203.40000   9.871735e-01
203.50000   9.873328e-01
203.60000   9.875121e-01
203.70000   9.876613e-01
203.80000   9.878006e-01
203.90000   9.879499e-01
204.00000   9.880992e-01
204.10000   9.882685e-01
204.20000   9.884178e-01
204.30000   9.885671e-01
204.40000   9.887064e-01
204.50000   9.888256e-01
204.60000   9.889449e-01
204.70000   9.890542e-01
204.80000   9.891535e-01
204.90000   9.892628e-01
205.00000   9.893621e-01
205.10000   9.894614e-01
205.20000   9.895506e-01
205.30000   9.896399e-01
205.40000   9.897192e-01
205.50000   9.898085e-01
205.60000   9.898878e-01
205.70000   9.899771e-01
205.80000   9.900564e-01
205.90000   9.901456e-01
206.00000   9.902149e-01
206.10000   9.902942e-01
206.20000   9.903635e-01
206.30000   9.904228e-01
206.40000   9.905021e-01
206.50000   9.905614e-01
206.60000   9.906407e-01
206.70000   9.906999e-01
206.80000   9.907592e-01
206.90000   9.908185e-01
207.00000   9.908678e-01
207.10000   9.909171e-01
207.20000   9.909664e-01
207.30000   9.910057e-01
207.40000   9.910649e-01
207.50000   9.911042e-01
207.60000   9.911435e-01
207.70000   9.911828e-01
207.80000   9.912221e-01
207.90000   9.912614e-01
208.00000   9.913007e-01
208.10000   9.913600e-01
208.20000   9.914092e-01
208.30000   9.914485e-01
208.40000   9.914878e-01
208.50000   9.915171e-01
208.60000   9.915564e-01
208.70000   9.915957e-01
208.80000   9.916250e-01
208.90000   9.916542e-01
209.00000   9.916735e-01
209.10000   9.916828e-01
209.20000   9.916921e-01
209.30000   9.917014e-01
209.40000   9.917207e-01
209.50000   9.917400e-01
209.60000   9.917693e-01
209.70000   9.917885e-01
209.80000   9.917978e-01
209.90000   9.918171e-01
210.00000   9.918364e-01
210.10000   9.918657e-01
210.20000   9.918950e-01
210.30000   9.919243e-01
210.40000   9.919535e-01
210.50000   9.919728e-01
210.60000   9.919921e-01
210.70000   9.920114e-01
210.80000   9.920307e-01
210.90000   9.920500e-01
211.00000   9.920793e-01
211.10000   9.920986e-01
211.20000   9.921178e-01
211.30000   9.921371e-01
211.40000   9.921464e-01
211.50000   9.921657e-01
211.60000   9.921850e-01
211.70000   9.922043e-01
211.80000   9.922236e-01
211.90000   9.922328e-01
212.00000   9.922521e-01
212.10000   9.922714e-01
212.20000   9.922807e-01
212.30000   9.923000e-01
212.40000   9.923093e-01
212.50000   9.923286e-01
212.60000   9.923379e-01
212.70000   9.923471e-01
212.80000   9.923564e-01
212.90000   9.923657e-01
213.00000   9.923750e-01
213.10000   9.923843e-01
213.20000   9.923936e-01
213.30000   9.924129e-01
213.40000   9.924221e-01
213.50000   9.924314e-01
213.60000   9.924407e-01
213.70000   9.924500e-01
213.80000   9.924593e-01
213.90000   9.924686e-01
214.00000   9.924779e-01
214.10000   9.924872e-01
214.20000   9.924964e-01
214.30000   9.925057e-01
214.40000   9.925050e-01
214.50000   9.925043e-01
214.60000   9.925036e-01
214.70000   9.925129e-01
214.80000   9.925122e-01
214.90000   9.925214e-01
215.00000   9.925207e-01
215.10000   9.925200e-01
215.20000   9.925193e-01
215.30000   9.925186e-01
215.40000   9.925179e-01
215.50000   9.925172e-01
215.60000   9.925264e-01
215.70000   9.925357e-01
215.80000   9.925350e-01
215.90000   9.925443e-01
216.00000   9.925436e-01
216.10000   9.925529e-01
216.20000   9.925622e-01
216.30000   9.925815e-01
216.40000   9.925907e-01
216.50000   9.925900e-01
216.60000   9.925993e-01
216.70000   9.926086e-01
216.80000   9.926179e-01
216.90000   9.926272e-01
217.00000   9.926265e-01
217.10000   9.926357e-01
217.20000   9.926350e-01
217.30000   9.926443e-01
217.40000   9.926436e-01
217.50000   9.926429e-01
217.60000   9.926522e-01
217.70000   9.926515e-01
217.80000   9.926608e-01
217.90000   9.926600e-01
218.00000   9.926593e-01
218.10000   9.926686e-01
218.20000   9.926679e-01
218.30000   9.926772e-01
218.40000   9.926765e-01
218.50000   9.926758e-01
218.60000   9.926850e-01
218.70000   9.926843e-01
218.80000   9.926836e-01
218.90000   9.926929e-01
219.00000   9.926922e-01
219.10000   9.926915e-01
219.20000   9.927008e-01
219.30000   9.927001e-01
219.40000   9.926993e-01
219.50000   9.927086e-01
219.60000   9.927079e-01
219.70000   9.927072e-01
219.80000   9.927165e-01
219.90000   9.927158e-01
220.00000   9.927151e-01
220.10000   9.927143e-01
220.20000   9.927236e-01
220.30000   9.927229e-01
220.40000   9.927222e-01
220.50000   9.927215e-01
220.60000   9.927208e-01
220.70000   9.927201e-01
220.80000   9.927294e-01
220.90000   9.927286e-01
221.00000   9.927279e-01
221.10000   9.927272e-01
221.20000   9.927265e-01
221.30000   9.927258e-01
221.40000   9.927251e-01
221.50000   9.927344e-01
221.60000   9.927336e-01
221.70000   9.927329e-01
221.80000   9.927422e-01
221.90000   9.927415e-01
222.00000   9.927408e-01
222.10000   9.927401e-01
222.20000   9.927394e-01
222.30000   9.927387e-01
222.40000   9.927479e-01
222.50000   9.927472e-01
222.60000   9.927465e-01
222.70000   9.927458e-01
222.80000   9.927451e-01
222.90000   9.927444e-01
223.00000   9.927537e-01
223.10000   9.927529e-01
223.20000   9.927522e-01
223.30000   9.927515e-01
223.40000   9.927508e-01
223.50000   9.927601e-01
223.60000   9.927594e-01
223.70000   9.927587e-01
223.80000   9.927580e-01
223.90000   9.927572e-01
224.00000   9.927565e-01
224.10000   9.927658e-01
224.20000   9.927651e-01
224.30000   9.927644e-01
224.40000   9.927637e-01
224.50000   9.927630e-01
224.60000   9.927622e-01
224.70000   9.927615e-01
224.80000   9.927608e-01
224.90000   9.927601e-01
225.00000   9.927694e-01
225.10000   9.927687e-01
225.20000   9.927680e-01
225.30000   9.927673e-01
225.40000   9.927665e-01
225.50000   9.927658e-01
225.60000   9.927651e-01
225.70000   9.927644e-01
225.80000   9.927637e-01
225.90000   9.927630e-01
226.00000   9.927623e-01
226.10000   9.927615e-01
226.20000   9.927608e-01
226.30000   9.927601e-01
226.40000   9.927594e-01
226.50000   9.927587e-01
226.60000   9.927580e-01
226.70000   9.927573e-01
226.80000   9.927566e-01
226.90000   9.927558e-01
227.00000   9.927551e-01
227.10000   9.927544e-01
227.20000   9.927537e-01
227.30000   9.927530e-01
227.40000   9.927523e-01
227.50000   9.927516e-01
227.60000   9.927508e-01
227.70000   9.927501e-01
227.80000   9.927494e-01
227.90000   9.927487e-01
228.00000   9.927480e-01
228.10000   9.927473e-01
228.20000   9.927466e-01
228.30000   9.927559e-01
228.40000   9.927551e-01
228.50000   9.927544e-01
228.60000   9.927537e-01
228.70000   9.927530e-01
228.80000   9.927523e-01
228.90000   9.927516e-01
229.00000   9.927509e-01
229.10000   9.927501e-01
229.20000   9.927594e-01
229.30000   9.927487e-01
229.40000   9.927480e-01
229.50000   9.927473e-01
229.60000   9.927466e-01
229.70000   9.927559e-01
229.80000   9.927552e-01
229.90000   9.927544e-01
230.00000   9.927537e-01
230.10000   9.927530e-01
230.20000   9.927523e-01
230.30000   9.927516e-01
230.40000   9.927509e-01
230.50000   9.927502e-01
230.60000   9.927494e-01
230.70000   9.927487e-01
230.80000   9.927480e-01
230.90000   9.927473e-01
231.00000   9.927466e-01
231.10000   9.927459e-01
231.20000   9.927452e-01
231.30000   9.927445e-01
231.40000   9.927437e-01
231.50000   9.927430e-01
231.60000   9.927423e-01
231.70000   9.927416e-01
231.80000   9.927409e-01
231.90000   9.927402e-01
232.00000   9.927395e-01
232.10000   9.927387e-01
232.20000   9.927380e-01
232.30000   9.927373e-01
232.40000   9.927366e-01
232.50000   9.927359e-01
232.60000   9.927352e-01
232.70000   9.927345e-01
232.80000   9.927338e-01
232.90000   9.927330e-01
233.00000   9.927323e-01
233.10000   9.927316e-01
233.20000   9.927309e-01
233.30000   9.927302e-01
233.40000   9.927295e-01
233.50000   9.927288e-01
233.60000   9.927281e-01
233.70000   9.927273e-01
233.80000   9.927266e-01
233.90000   9.927259e-01
234.00000   9.927252e-01
234.10000   9.927245e-01
234.20000   9.927238e-01
234.30000   9.927231e-01
234.40000   9.927223e-01
234.50000   9.927316e-01
234.60000   9.927309e-01
234.70000   9.927302e-01
234.80000   9.927295e-01
234.90000   9.927288e-01
235.00000   9.927281e-01
235.10000   9.927274e-01
235.20000   9.927266e-01
235.30000   9.927259e-01
235.40000   9.927352e-01
235.50000   9.927345e-01
235.60000   9.927338e-01
235.70000   9.927331e-01
235.80000   9.927324e-01
235.90000   9.927316e-01
236.00000   9.927309e-01
236.10000   9.927302e-01
236.20000   9.927295e-01
236.30000   9.927288e-01
236.40000   9.927281e-01
236.50000   9.927274e-01
236.60000   9.927267e-01
236.70000   9.927259e-01
236.80000   9.927252e-01
236.90000   9.927245e-01
237.00000   9.927238e-01
237.10000   9.927231e-01
237.20000   9.927224e-01
237.30000   9.927217e-01
237.40000   9.927209e-01
237.50000   9.927202e-01
237.60000   9.927195e-01
237.70000   9.927188e-01
237.80000   9.927181e-01
237.90000   9.927174e-01
238.00000   9.927167e-01
238.10000   9.927160e-01
238.20000   9.927152e-01
238.30000   9.927145e-01
238.40000   9.927138e-01
238.50000   9.927131e-01
238.60000   9.927124e-01
238.70000   9.927117e-01
238.80000   9.927110e-01
238.90000   9.927102e-01
239.00000   9.927195e-01
239.10000   9.927188e-01
239.20000   9.927181e-01
239.30000   9.927174e-01
239.40000   9.927167e-01
239.50000   9.927160e-01
239.60000   9.927153e-01
239.70000   9.927145e-01
239.80000   9.927138e-01
239.90000   9.927131e-01
240.00000   9.927124e-01
240.10000   9.927117e-01
240.20000   9.927110e-01
240.30000   9.927103e-01
240.40000   9.927095e-01
240.50000   9.927088e-01
240.60000   9.927081e-01
240.70000   9.927074e-01
240.80000   9.927067e-01
240.90000   9.927060e-01
241.00000   9.927053e-01
241.10000   9.927046e-01
241.20000   9.927038e-01
241.30000   9.927031e-01
241.40000   9.927024e-01
241.50000   9.927017e-01
241.60000   9.927010e-01
241.70000   9.927003e-01
241.80000   9.926996e-01
241.90000   9.926988e-01
242.00000   9.926981e-01
242.10000   9.926974e-01
242.20000   9.926967e-01
242.30000   9.926960e-01
242.40000   9.926953e-01
242.50000   9.926946e-01
242.60000   9.926939e-01
242.70000   9.926931e-01
242.80000   9.926924e-01
242.90000   9.926917e-01
243.00000   9.926910e-01
243.10000   9.926903e-01
243.20000   9.926996e-01
243.30000   9.926989e-01
243.40000   9.926982e-01
243.50000   9.926974e-01
243.60000   9.926867e-01
243.70000   9.926860e-01
243.80000   9.926953e-01
243.90000   9.926946e-01
244.00000   9.926839e-01
244.10000   9.926832e-01
244.20000   9.926824e-01
244.30000   9.926817e-01
244.40000   9.926810e-01
244.50000   9.926803e-01
244.60000   9.926796e-01
244.70000   9.926789e-01
244.80000   9.926782e-01
244.90000   9.926775e-01
245.00000   9.926767e-01
245.10000   9.926760e-01
245.20000   9.926753e-01
245.30000   9.926746e-01
245.40000   9.926739e-01
245.50000   9.926732e-01
245.60000   9.926725e-01
245.70000   9.926717e-01
245.80000   9.926710e-01
245.90000   9.926703e-01
246.00000   9.926796e-01
246.10000   9.926789e-01
246.20000   9.926682e-01
246.30000   9.926675e-01
246.40000   9.926668e-01
246.50000   9.926660e-01
246.60000   9.926653e-01
246.70000   9.926646e-01
246.80000   9.926639e-01
246.90000   9.926632e-01
247.00000   9.926625e-01
247.10000   9.926618e-01
247.20000   9.926610e-01
247.30000   9.926603e-01
247.40000   9.926596e-01
247.50000   9.926589e-01
247.60000   9.926582e-01
247.70000   9.926575e-01
247.80000   9.926568e-01
247.90000   9.926561e-01
248.00000   9.926553e-01
248.10000   9.926546e-01
248.20000   9.926539e-01
248.30000   9.926632e-01
248.40000   9.926625e-01
248.50000   9.926618e-01
248.60000   9.926611e-01
248.70000   9.926604e-01
248.80000   9.926596e-01
248.90000   9.926589e-01
249.00000   9.926582e-01
249.10000   9.926575e-01
249.20000   9.926568e-01
249.30000   9.926561e-01
249.40000   9.926554e-01
249.50000   9.926546e-01
249.60000   9.926539e-01
249.70000   9.926532e-01
249.80000   9.926525e-01
249.90000   9.926518e-01
250.00000   9.926511e-01
250.10000   9.926504e-01
250.20000   9.926497e-01
250.30000   9.926489e-01
250.40000   9.926482e-01
250.50000   9.926475e-01
250.60000   9.926468e-01
250.70000   9.926461e-01
250.80000   9.926454e-01
250.90000   9.926447e-01
251.00000   9.926439e-01
251.10000   9.926432e-01
251.20000   9.926425e-01
251.30000   9.926418e-01
251.40000   9.926411e-01
251.50000   9.926404e-01
251.60000   9.926397e-01
251.70000   9.926390e-01
251.80000   9.926382e-01
251.90000   9.926375e-01
252.00000   9.926368e-01
252.10000   9.926361e-01
252.20000   9.926354e-01
252.30000   9.926347e-01
252.40000   9.926340e-01
252.50000   9.926332e-01
252.60000   9.926325e-01
252.70000   9.926318e-01
252.80000   9.926311e-01
252.90000   9.926304e-01
253.00000   9.926297e-01
253.10000   9.926290e-01
253.20000   9.926283e-01
253.30000   9.926275e-01
253.40000   9.926268e-01
253.50000   9.926261e-01
253.60000   9.926254e-01
253.70000   9.926247e-01
253.80000   9.926240e-01
253.90000   9.926233e-01
254.00000   9.926226e-01
254.10000   9.926218e-01
254.20000   9.926211e-01
254.30000   9.926204e-01
254.40000   9.926197e-01
254.50000   9.926190e-01
254.60000   9.926183e-01
254.70000   9.926176e-01
254.80000   9.926168e-01
254.90000   9.926161e-01
255.00000   9.926154e-01
255.10000   9.926147e-01
255.20000   9.926140e-01
255.30000   9.926133e-01
255.40000   9.926126e-01
255.50000   9.926119e-01
255.60000   9.926111e-01
255.70000   9.926104e-01
255.80000   9.926097e-01
255.90000   9.926090e-01
256.00000   9.926083e-01
256.10000   9.926076e-01
256.20000   9.926069e-01
256.30000   9.926061e-01
256.40000   9.926054e-01
256.50000   9.926047e-01
256.60000   9.926040e-01
256.70000   9.926033e-01
256.80000   9.926026e-01
256.90000   9.926019e-01
257.00000   9.926012e-01
257.10000   9.926004e-01
257.20000   9.925997e-01
257.30000   9.925990e-01
257.40000   9.925983e-01
257.50000   9.925976e-01
257.60000   9.925969e-01
257.70000   9.925962e-01
257.80000   9.925955e-01
257.90000   9.925947e-01
258.00000   9.925940e-01
258.10000   9.925933e-01
258.20000   9.925926e-01
258.30000   9.925919e-01
258.40000   9.925912e-01
258.50000   9.925905e-01
258.60000   9.925897e-01
258.70000   9.925890e-01
258.80000   9.925883e-01
258.90000   9.925876e-01
259.00000   9.925869e-01
259.10000   9.925862e-01
259.20000   9.925855e-01
259.30000   9.925848e-01
259.40000   9.925840e-01
259.50000   9.925833e-01
259.60000   9.925826e-01
259.70000   9.925819e-01
259.80000   9.925812e-01
259.90000   9.925805e-01
260.00000   9.925798e-01
