 61.23201   2.731703e-01
 62.76281   2.720603e-01
 64.29361   2.691803e-01
 65.82441   2.638903e-01
 67.35521   2.734403e-01
 68.88601   2.624703e-01
 70.41681   2.332503e-01
 71.94761   2.078003e-01
 73.47841   1.870003e-01
 75.00921   1.627703e-01
 76.54001   1.373703e-01
 78.07081   1.065403e-01
 79.60161   7.508032e-02
 81.13241   5.731032e-02
 82.66321   4.760032e-02
 84.19401   4.950032e-02
 85.72481   5.850032e-02
 87.25561   7.079032e-02
 88.78641   7.569032e-02
 90.31721   7.198032e-02
 91.84801   8.198032e-02
 93.37882   9.091032e-02
 94.90962   9.519032e-02
 96.44042   9.697032e-02
 97.97122   1.045603e-01
 99.50202   1.194603e-01
101.03282   1.287803e-01
102.56362   1.280703e-01
104.09442   1.256903e-01
105.62522   1.272403e-01
107.15602   1.247403e-01
108.68682   1.070003e-01
110.21762   9.368032e-02
111.74842   8.889032e-02
113.27922   7.227032e-02
114.81002   5.640032e-02
116.34082   4.843032e-02
117.87162   4.515032e-02
119.40242   4.347356e-02
120.93322   3.054360e-02
122.46402   2.464363e-02
123.99482   2.675367e-02
125.52562   3.178371e-02
127.05642   3.608375e-02
128.58722   3.744380e-02
130.11802   4.136384e-02
131.64882   4.677388e-02
133.17962   4.733393e-02
134.71042   4.622397e-02
136.24122   4.567402e-02
137.77202   4.328407e-02
139.30282   4.092411e-02
140.83362   4.088416e-02
142.36442   3.935421e-02
143.89522   3.585426e-02
145.42602   3.072432e-02
146.95682   2.619437e-02
148.48762   2.275442e-02
150.01842   2.034448e-02
151.54922   1.909873e-02
153.08002   1.862102e-02
154.61083   2.026333e-02
156.14163   2.269566e-02
157.67243   2.427801e-02
159.20323   2.543038e-02
160.73403   2.501278e-02
162.26483   2.422520e-02
163.79563   2.437642e-02
165.32643   2.582597e-02
166.85729   2.776554e-02
168.38809   2.930516e-02
169.91889   2.938482e-02
171.44969   2.870451e-02
172.98049   2.892423e-02
174.51129   2.997837e-02
176.04209   3.049880e-02
177.57289   3.056923e-02
179.10369   3.028967e-02
180.63449   3.332010e-02
182.16529   4.046054e-02
183.69609   4.558097e-02
185.22689   4.936140e-02
186.75769   5.251184e-02
188.28849   5.684227e-02
189.81929   6.520271e-02
191.35009   7.526314e-02
192.88089   8.925358e-02
194.41169   1.060540e-01
195.94249   1.189344e-01
197.47329   1.238349e-01
199.00409   1.209253e-01
200.53489   1.156758e-01
202.06569   1.205562e-01
203.59649   1.558266e-01
205.12729   2.421671e-01
206.65809   3.894175e-01
208.18889   5.649879e-01
209.71969   7.150984e-01
211.25049   8.162588e-01
212.78129   8.826392e-01
214.31209   9.247997e-01
215.84290   9.502101e-01
217.37370   9.647805e-01
218.90450   9.729810e-01
220.43530   9.781514e-01
221.96610   9.817619e-01
223.49690   9.839323e-01
225.02770   9.852527e-01
226.55850   9.863832e-01
228.08930   9.877336e-01
229.62010   9.890040e-01
231.15090   9.900345e-01
232.68170   9.905249e-01
234.21250   9.907453e-01
235.74330   9.908958e-01
237.27410   9.909462e-01
238.80490   9.911567e-01
240.33570   9.912871e-01
241.86650   9.911675e-01
243.39730   9.914780e-01
244.92810   9.915584e-01
246.45890   9.913389e-01
247.98970   9.912693e-01
249.52050   9.912297e-01
251.05130   9.916502e-01
252.58210   9.918906e-01
254.11290   9.917110e-01
255.64370   9.917615e-01
257.17450   9.917719e-01
258.70530   9.914024e-01
260.23610   9.912528e-01
261.76690   9.914732e-01
263.29770   9.914737e-01
264.82850   9.914241e-01
266.35930   9.914946e-01
267.89010   9.917350e-01
269.42090   9.916254e-01
270.95170   9.915759e-01
272.48250   9.919163e-01
274.01330   9.918677e-01
275.54410   9.916554e-01
277.07491   9.914832e-01
278.60571   9.912610e-01
280.13651   9.911489e-01
281.66731   9.909467e-01
283.19811   9.904846e-01
284.72891   9.901926e-01
286.25971   9.904005e-01
287.79051   9.903685e-01
289.32131   9.902865e-01
290.85211   9.903246e-01
292.38291   9.902726e-01
293.91371   9.902107e-01
295.44451   9.900289e-01
296.97531   9.898135e-01
298.50611   9.897035e-01
300.03691   9.897135e-01
301.56771   9.897135e-01
303.09851   9.899335e-01
304.62931   9.902235e-01
306.16011   9.902535e-01
307.69091   9.899935e-01
309.22171   9.900235e-01
310.75251   9.900835e-01
312.28331   9.899435e-01
313.81411   9.901135e-01
315.34491   9.899735e-01
316.87571   9.899735e-01
318.40651   9.900335e-01
319.93731   9.901735e-01
321.46811   9.902135e-01
322.99891   9.900135e-01
324.52971   9.899635e-01
326.06051   9.898435e-01
327.59131   9.898935e-01
329.12211   9.899935e-01
330.65291   9.899035e-01
332.18371   9.896335e-01
333.71451   9.897235e-01
335.24531   9.900235e-01
336.77611   9.900335e-01
338.30691   9.901535e-01
339.83772   9.900735e-01
341.36852   9.900135e-01
342.89932   9.899935e-01
344.43012   9.899535e-01
345.96092   9.899635e-01
347.49172   9.899935e-01
349.02252   9.901335e-01
350.55332   9.898156e-01
352.08412   9.897007e-01
353.61492   9.896959e-01
355.14572   9.895310e-01
356.67652   9.896362e-01
358.20732   9.893514e-01
359.73812   9.891466e-01
361.26892   9.891018e-01
362.79972   9.890571e-01
364.33052   9.891523e-01
365.86132   9.889576e-01
367.39212   9.887429e-01
368.92292   9.886582e-01
370.45372   9.886336e-01
371.98452   9.884889e-01
373.51532   9.882943e-01
375.04612   9.878897e-01
376.57692   9.877351e-01
378.10772   9.876266e-01
379.63852   9.873089e-01
381.16932   9.874212e-01
382.70012   9.875735e-01
384.23092   9.876458e-01
385.76172   9.875880e-01
387.29252   9.871503e-01
388.82332   9.867326e-01
390.35412   9.863649e-01
391.88492   9.861672e-01
393.41572   9.859894e-01
394.94652   9.853417e-01
396.47732   9.840640e-01
398.00812   9.817963e-01
399.53892   9.772486e-01
401.06973   9.734909e-01
402.60053   9.743532e-01
404.13133   9.771354e-01
405.66213   9.791677e-01
407.19293   9.800800e-01
408.72373   9.798623e-01
410.25453   9.770546e-01
411.78533   9.715269e-01
413.31613   9.692300e-01
414.84693   9.619283e-01
416.37773   9.498067e-01
417.90853   9.399550e-01
419.43933   9.181934e-01
420.97013   9.027118e-01
422.50093   9.159602e-01
424.03173   9.450586e-01
425.56253   9.672670e-01
427.09333   9.775154e-01
428.62413   9.820439e-01
430.15493   9.837023e-01
431.68573   9.843808e-01
433.21653   9.849293e-01
434.74733   9.852078e-01
436.27813   9.851963e-01
437.80893   9.852849e-01
439.33973   9.852834e-01
440.87053   9.850420e-01
442.40133   9.848606e-01
443.93213   9.848584e-01
445.46293   9.849360e-01
446.99373   9.849036e-01
448.52453   9.849112e-01
450.05533   9.849088e-01
451.58613   9.846765e-01
453.11693   9.847341e-01
454.64773   9.848817e-01
456.17853   9.847593e-01
457.70933   9.847369e-01
459.24013   9.847245e-01
460.77093   9.847821e-01
462.30174   9.848698e-01
463.83254   9.847574e-01
465.36334   9.845950e-01
466.89414   9.845326e-01
468.42494   9.846902e-01
469.95574   9.847179e-01
471.48654   9.845855e-01
473.01734   9.845631e-01
474.54814   9.844572e-01
476.07894   9.842246e-01
477.60974   9.840520e-01
479.14054   9.838794e-01
480.67134   9.837069e-01
482.20214   9.835244e-01
483.73294   9.834019e-01
485.26374   9.831594e-01
486.79454   9.828769e-01
488.32534   9.827145e-01
489.85614   9.827720e-01
491.38694   9.827496e-01
492.91774   9.823973e-01
494.44854   9.821049e-01
495.97934   9.819326e-01
497.51014   9.818202e-01
499.04094   9.816479e-01
500.57174   9.816072e-01
502.10254   9.818872e-01
503.63334   9.817972e-01
505.16414   9.815872e-01
506.69494   9.816072e-01
508.22574   9.817372e-01
509.75654   9.817672e-01
511.28734   9.816472e-01
512.81814   9.817072e-01
514.34894   9.816072e-01
515.87974   9.814172e-01
517.41054   9.815672e-01
518.94134   9.816872e-01
520.47214   9.815072e-01
522.00294   9.812472e-01
523.53375   9.811272e-01
525.06455   9.811772e-01
526.59535   9.812772e-01
528.12615   9.813572e-01
529.65695   9.813872e-01
531.18775   9.815072e-01
532.71855   9.814031e-01
534.24935   9.812194e-01
535.78015   9.809557e-01
537.31095   9.806920e-01
538.84175   9.804284e-01
540.37255   9.800048e-01
541.90335   9.797012e-01
543.43415   9.794077e-01
544.96495   9.788541e-01
546.49575   9.785107e-01
548.02655   9.786172e-01
549.55735   9.784338e-01
551.08815   9.778904e-01
552.61895   9.768771e-01
554.14975   9.750737e-01
555.68055   9.742404e-01
557.21135   9.733072e-01
558.74215   9.743139e-01
560.27295   9.762320e-01
561.80375   9.770320e-01
563.33455   9.771020e-01
564.86535   9.767920e-01
566.39615   9.768920e-01
567.92695   9.769020e-01
569.45775   9.770520e-01
570.98855   9.770320e-01
572.51935   9.770120e-01
574.05015   9.773720e-01
575.58095   9.774320e-01
577.11175   9.776820e-01
578.64255   9.779320e-01
580.17335   9.779920e-01
581.70415   9.781520e-01
583.23495   9.783520e-01
584.76576   9.784420e-01
586.29656   9.784520e-01
587.82736   9.784520e-01
589.35816   9.783181e-01
590.88896   9.782159e-01
592.41976   9.780037e-01
593.95056   9.777615e-01
595.48136   9.775993e-01
597.01216   9.773272e-01
598.54296   9.771951e-01
600.07376   9.770930e-01
