 61.23201   3.221839e-03
 62.76281   3.221839e-03
 64.29361   3.221839e-03
 65.00000   3.221839e-03
 65.05000   3.221839e-03
 65.10000   3.221839e-03
 65.15000   3.221839e-03
 65.20000   3.221839e-03
 65.25000   3.221839e-03
 65.30000   3.221839e-03
 65.35000   3.221839e-03
 65.40000   3.221839e-03
 65.45000   3.221839e-03
 65.50000   3.221839e-03
 65.55000   3.221839e-03
 65.60000   3.221839e-03
 65.65000   3.221839e-03
 65.70000   3.221839e-03
 65.75000   3.221839e-03
 65.80000   3.221839e-03
 65.85000   3.221839e-03
 65.90000   3.221839e-03
 65.95000   3.221839e-03
 66.00000   3.221839e-03
 66.05000   3.221839e-03
 66.10000   3.221839e-03
 66.15000   3.221839e-03
 66.20000   3.221839e-03
 66.25000   3.221839e-03
 66.30000   3.221839e-03
 66.35000   3.221839e-03
 66.40000   3.221839e-03
 66.45000   3.221839e-03
 66.50000   3.221839e-03
 66.55000   3.221839e-03
 66.60000   3.221839e-03
 66.65000   3.221839e-03
 66.70000   3.221839e-03
 66.75000   3.221839e-03
 66.80000   3.221839e-03
 66.85000   3.221839e-03
 66.90000   3.221839e-03
 66.95000   3.221839e-03
 67.00000   3.221839e-03
 67.05000   3.221839e-03
 67.10000   3.221839e-03
 67.15000   3.221839e-03
 67.20000   3.221839e-03
 67.25000   3.221839e-03
 67.30000   3.221839e-03
 67.35000   3.221839e-03
 67.40000   3.221839e-03
 67.45000   3.221839e-03
 67.50000   3.221839e-03
 67.55000   3.221839e-03
 67.60000   3.221839e-03
 67.65000   3.221839e-03
 67.70000   3.221839e-03
 67.75000   3.221839e-03
 67.80000   3.221839e-03
 67.85000   3.221839e-03
 67.90000   3.221839e-03
 67.95000   3.221839e-03
 68.00000   3.221839e-03
 68.05000   3.221839e-03
 68.10000   3.221839e-03
 68.15000   3.221839e-03
 68.20000   3.221839e-03
 68.25000   3.221839e-03
 68.30000   3.221839e-03
 68.35000   3.221839e-03
 68.40000   3.221839e-03
 68.45000   3.221839e-03
 68.50000   3.221839e-03
 68.55000   3.221839e-03
 68.60000   3.221839e-03
 68.65000   3.221839e-03
 68.70000   3.221839e-03
 68.75000   3.221839e-03
 68.80000   3.221839e-03
 68.85000   3.221839e-03
 68.90000   3.221839e-03
 68.95000   3.221839e-03
 69.00000   3.221839e-03
 69.05000   3.221839e-03
 69.10000   3.221839e-03
 69.15000   3.221839e-03
 69.20000   3.221839e-03
 69.25000   3.221839e-03
 69.30000   3.221839e-03
 69.35000   3.221839e-03
 69.40000   3.221839e-03
 69.45000   3.221839e-03
 69.50000   3.221839e-03
 69.55000   3.221839e-03
 69.60000   3.221839e-03
 69.65000   3.221839e-03
 69.70000   3.221839e-03
 69.75000   3.221839e-03
 69.80000   3.221839e-03
 69.85000   3.221839e-03
 69.90000   3.221839e-03
 69.95000   3.221839e-03
 70.00000   3.221839e-03
 70.05000   3.221839e-03
 70.10000   3.221839e-03
 70.15000   3.221839e-03
 70.20000   3.221839e-03
 70.25000   3.221839e-03
 70.30000   3.221839e-03
 70.35000   3.221839e-03
 70.40000   3.221839e-03
 70.45000   3.221839e-03
 70.50000   3.221839e-03
 70.55000   3.221839e-03
 70.60000   3.221839e-03
 70.65000   3.221839e-03
 70.70000   3.221839e-03
 70.75000   3.221839e-03
 70.80000   3.221839e-03
 70.85000   3.221839e-03
 70.90000   3.221839e-03
 70.95000   3.221839e-03
 71.00000   3.221839e-03
 71.05000   3.221839e-03
 71.10000   3.221839e-03
 71.15000   3.221839e-03
 71.20000   3.221839e-03
 71.25000   3.221839e-03
 71.30000   3.221839e-03
 71.35000   3.221839e-03
 71.40000   3.221839e-03
 71.45000   3.221839e-03
 71.50000   3.221839e-03
 71.55000   3.221839e-03
 71.60000   3.221839e-03
 71.65000   3.221839e-03
 71.70000   3.221839e-03
 71.75000   3.221839e-03
 71.80000   3.221839e-03
 71.85000   3.221839e-03
 71.90000   3.221839e-03
 71.95000   3.221839e-03
 72.00000   3.221839e-03
 72.05000   3.221839e-03
 72.10000   3.221839e-03
 72.15000   3.221839e-03
 72.20000   3.221839e-03
 72.25000   3.221839e-03
 72.30000   3.221839e-03
 72.35000   3.221839e-03
 72.40000   3.221839e-03
 72.45000   3.221839e-03
 72.50000   3.221839e-03
 72.55000   3.221839e-03
 72.60000   3.221839e-03
 72.65000   3.221839e-03
 72.70000   3.221839e-03
 72.75000   3.221839e-03
 72.80000   3.221839e-03
 72.85000   3.221839e-03
 72.90000   3.221839e-03
 72.95000   3.221839e-03
 73.00000   3.221839e-03
 73.05000   3.221839e-03
 73.10000   3.221839e-03
 73.15000   3.221839e-03
 73.20000   3.221839e-03
 73.25000   3.221839e-03
 73.30000   3.221839e-03
 73.35000   3.221839e-03
 73.40000   3.221839e-03
 73.45000   3.221839e-03
 73.50000   3.221839e-03
 73.55000   3.221839e-03
 73.60000   3.221839e-03
 73.65000   3.221839e-03
 73.70000   3.221839e-03
 73.75000   3.221839e-03
 73.80000   3.221839e-03
 73.85000   3.221839e-03
 73.90000   3.221839e-03
 73.95000   3.221839e-03
 74.00000   3.221839e-03
 74.05000   3.221839e-03
 74.10000   3.221839e-03
 74.15000   3.221839e-03
 74.20000   3.221839e-03
 74.25000   3.221839e-03
 74.30000   3.221839e-03
 74.35000   3.221839e-03
 74.40000   3.221839e-03
 74.45000   3.221839e-03
 74.50000   3.221839e-03
 74.55000   3.221839e-03
 74.60000   3.221839e-03
 74.65000   3.221839e-03
 74.70000   3.221839e-03
 74.75000   3.221839e-03
 74.80000   3.221839e-03
 74.85000   3.221839e-03
 74.90000   3.221839e-03
 74.95000   3.221839e-03
 75.00000   3.221839e-03
 75.05000   3.221839e-03
 75.10000   3.221839e-03
 75.15000   3.221839e-03
 75.20000   3.221839e-03
 75.25000   3.221839e-03
 75.30000   3.221839e-03
 75.35000   3.221839e-03
 75.40000   3.221839e-03
 75.45000   3.221839e-03
 75.50000   3.221839e-03
 75.55000   3.221839e-03
 75.60000   3.221839e-03
 75.65000   3.221839e-03
 75.70000   3.221839e-03
 75.75000   3.221839e-03
 75.80000   3.221839e-03
 75.85000   3.221839e-03
 75.90000   3.221839e-03
 75.95000   3.221839e-03
 76.00000   3.221839e-03
 76.05000   3.221839e-03
 76.10000   3.221839e-03
 76.15000   3.221839e-03
 76.20000   3.221839e-03
 76.25000   3.221839e-03
 76.30000   3.221839e-03
 76.35000   3.221839e-03
 76.40000   3.221839e-03
 76.45000   3.221839e-03
 76.50000   3.221839e-03
 76.55000   3.221839e-03
 76.60000   3.221839e-03
 76.65000   3.221839e-03
 76.70000   3.221839e-03
 76.75000   3.221839e-03
 76.80000   3.221839e-03
 76.85000   3.221839e-03
 76.90000   3.221839e-03
 76.95000   3.221839e-03
 77.00000   3.221839e-03
 77.05000   3.221839e-03
 77.10000   3.221839e-03
 77.15000   3.221839e-03
 77.20000   3.221839e-03
 77.25000   3.221839e-03
 77.30000   3.221839e-03
 77.35000   3.221839e-03
 77.40000   3.221839e-03
 77.45000   3.221839e-03
 77.50000   3.221839e-03
 77.55000   3.221839e-03
 77.60000   3.221839e-03
 77.65000   3.221839e-03
 77.70000   3.221839e-03
 77.75000   3.221839e-03
 77.80000   3.221839e-03
 77.85000   3.221839e-03
 77.90000   3.221839e-03
 77.95000   3.221839e-03
 78.00000   3.221839e-03
 78.05000   3.221839e-03
 78.10000   3.221839e-03
 78.15000   3.221839e-03
 78.20000   3.221839e-03
 78.25000   3.221839e-03
 78.30000   3.221839e-03
 78.35000   3.221839e-03
 78.40000   3.221839e-03
 78.45000   3.221839e-03
 78.50000   3.221839e-03
 78.55000   3.221839e-03
 78.60000   3.221839e-03
 78.65000   3.221839e-03
 78.70000   3.221839e-03
 78.75000   3.221839e-03
 78.80000   3.221839e-03
 78.85000   3.221839e-03
 78.90000   3.221839e-03
 78.95000   3.221839e-03
 79.00000   3.221839e-03
 79.05000   3.221839e-03
 79.10000   3.221839e-03
 79.15000   3.221839e-03
 79.20000   3.221839e-03
 79.25000   3.221839e-03
 79.30000   3.221839e-03
 79.35000   3.221839e-03
 79.40000   3.221839e-03
 79.45000   3.221839e-03
 79.50000   3.221839e-03
 79.55000   3.221839e-03
 79.60000   3.221839e-03
 79.65000   3.221839e-03
 79.70000   3.221839e-03
 79.75000   3.221839e-03
 79.80000   3.221839e-03
 79.85000   3.221839e-03
 79.90000   3.221839e-03
 79.95000   3.221839e-03
 80.00000   3.221839e-03
 80.05000   3.221839e-03
 80.10000   3.221839e-03
 80.15000   3.221839e-03
 80.20000   3.221839e-03
 80.25000   3.221839e-03
 80.30000   3.221839e-03
 80.35000   3.221839e-03
 80.40000   3.221839e-03
 80.45000   3.221839e-03
 80.50000   3.221839e-03
 80.55000   3.221839e-03
 80.60000   3.221839e-03
 80.65000   3.221839e-03
 80.70000   3.221839e-03
 80.75000   3.221839e-03
 80.80000   3.221839e-03
 80.85000   3.221839e-03
 80.90000   3.221839e-03
 80.95000   3.221839e-03
 81.00000   3.221839e-03
 81.05000   3.221839e-03
 81.10000   3.221839e-03
 81.15000   3.221839e-03
 81.20000   3.221839e-03
 81.25000   3.221839e-03
 81.30000   3.221839e-03
 81.35000   3.221839e-03
 81.40000   3.221839e-03
 81.45000   3.221839e-03
 81.50000   3.221839e-03
 81.55000   3.221839e-03
 81.60000   3.221839e-03
 81.65000   3.221839e-03
 81.70000   3.221839e-03
 81.75000   3.221839e-03
 81.80000   3.221839e-03
 81.85000   3.221839e-03
 81.90000   3.221839e-03
 81.95000   3.221839e-03
 82.00000   3.221839e-03
 82.05000   3.221839e-03
 82.10000   3.221839e-03
 82.15000   3.221839e-03
 82.20000   3.221839e-03
 82.25000   3.221839e-03
 82.30000   3.221839e-03
 82.35000   3.221839e-03
 82.40000   3.221839e-03
 82.45000   3.221839e-03
 82.50000   3.221839e-03
 82.55000   3.221839e-03
 82.60000   3.221839e-03
 82.65000   3.221839e-03
 82.70000   3.221839e-03
 82.75000   3.221839e-03
 82.80000   3.221839e-03
 82.85000   3.221839e-03
 82.90000   3.221839e-03
 82.95000   3.221839e-03
 83.00000   3.221839e-03
 83.05000   3.221839e-03
 83.10000   3.221839e-03
 83.15000   3.221839e-03
 83.20000   3.221839e-03
 83.25000   3.221839e-03
 83.30000   3.221839e-03
 83.35000   3.221839e-03
 83.40000   3.221839e-03
 83.45000   3.221839e-03
 83.50000   3.221839e-03
 83.55000   3.221839e-03
 83.60000   3.221839e-03
 83.65000   3.221839e-03
 83.70000   3.221839e-03
 83.75000   3.221839e-03
 83.80000   3.221839e-03
 83.85000   3.221839e-03
 83.90000   3.221839e-03
 83.95000   3.221839e-03
 84.00000   3.221839e-03
 84.05000   3.221839e-03
 84.10000   3.221839e-03
 84.15000   3.221839e-03
 84.20000   3.221839e-03
 84.25000   3.221839e-03
 84.30000   3.221839e-03
 84.35000   3.221839e-03
 84.40000   3.221839e-03
 84.45000   3.221839e-03
 84.50000   3.221839e-03
 84.55000   3.221839e-03
 84.60000   3.221839e-03
 84.65000   3.221839e-03
 84.70000   3.221839e-03
 84.75000   3.221839e-03
 84.80000   3.221839e-03
 84.85000   3.221839e-03
 84.90000   3.221839e-03
 84.95000   3.221839e-03
 85.00000   3.221839e-03
 85.05000   3.221839e-03
 85.10000   3.221839e-03
 85.15000   3.221839e-03
 85.20000   3.221839e-03
 85.25000   3.221839e-03
 85.30000   3.221839e-03
 85.35000   3.221839e-03
 85.40000   3.221839e-03
 85.45000   3.221839e-03
 85.50000   3.221839e-03
 85.55000   3.221839e-03
 85.60000   3.221839e-03
 85.65000   3.221839e-03
 85.70000   3.221839e-03
 85.75000   3.221839e-03
 85.80000   3.221839e-03
 85.85000   3.221839e-03
 85.90000   3.221839e-03
 85.95000   3.221839e-03
 86.00000   3.221839e-03
 86.05000   3.221839e-03
 86.10000   3.221839e-03
 86.15000   3.221839e-03
 86.20000   3.221839e-03
 86.25000   3.221839e-03
 86.30000   3.221839e-03
 86.35000   3.221839e-03
 86.40000   3.221839e-03
 86.45000   3.221839e-03
 86.50000   3.221839e-03
 86.55000   3.221839e-03
 86.60000   3.221839e-03
 86.65000   3.221839e-03
 86.70000   3.221839e-03
 86.75000   3.221839e-03
 86.80000   3.221839e-03
 86.85000   3.221839e-03
 86.90000   3.221839e-03
 86.95000   3.221839e-03
 87.00000   3.221839e-03
 87.05000   3.221839e-03
 87.10000   3.221839e-03
 87.15000   3.221839e-03
 87.20000   3.221839e-03
 87.25000   3.221839e-03
 87.30000   3.221839e-03
 87.35000   3.221839e-03
 87.40000   3.221839e-03
 87.45000   3.221839e-03
 87.50000   3.221839e-03
 87.55000   3.221839e-03
 87.60000   3.221839e-03
 87.65000   3.221839e-03
 87.70000   3.221839e-03
 87.75000   3.221839e-03
 87.80000   3.221839e-03
 87.85000   3.221839e-03
 87.90000   3.221839e-03
 87.95000   3.221839e-03
 88.00000   3.221839e-03
 88.05000   3.221839e-03
 88.10000   3.221839e-03
 88.15000   3.221839e-03
 88.20000   3.221839e-03
 88.25000   3.221839e-03
 88.30000   3.221839e-03
 88.35000   3.221839e-03
 88.40000   3.221839e-03
 88.45000   3.221839e-03
 88.50000   3.221839e-03
 88.55000   3.221839e-03
 88.60000   3.221839e-03
 88.65000   3.221839e-03
 88.70000   3.221839e-03
 88.75000   3.221839e-03
 88.80000   3.221839e-03
 88.85000   3.221839e-03
 88.90000   3.221839e-03
 88.95000   3.221839e-03
 89.00000   3.221839e-03
 89.05000   3.221839e-03
 89.10000   3.221839e-03
 89.15000   3.221839e-03
 89.20000   3.221839e-03
 89.25000   3.221839e-03
 89.30000   3.221839e-03
 89.35000   3.221839e-03
 89.40000   3.221839e-03
 89.45000   3.221839e-03
 89.50000   3.221839e-03
 89.55000   3.221839e-03
 89.60000   3.221839e-03
 89.65000   3.221839e-03
 89.70000   3.221839e-03
 89.75000   3.221839e-03
 89.80000   3.221839e-03
 89.85000   3.221839e-03
 89.90000   3.221839e-03
 89.95000   3.221839e-03
 90.00000   3.221839e-03
 90.05000   3.221839e-03
 90.10000   3.221839e-03
 90.15000   3.221839e-03
 90.20000   3.221839e-03
 90.25000   3.221839e-03
 90.30000   3.221839e-03
 90.35000   3.221839e-03
 90.40000   3.221839e-03
 90.45000   3.221839e-03
 90.50000   3.221839e-03
 90.55000   3.221839e-03
 90.60000   3.221839e-03
 90.65000   3.221839e-03
 90.70000   3.221839e-03
 90.75000   3.221839e-03
 90.80000   3.221839e-03
 90.85000   3.221839e-03
 90.90000   3.221839e-03
 90.95000   3.221839e-03
 91.00000   3.221839e-03
 91.05000   3.221839e-03
 91.10000   3.221839e-03
 91.15000   3.221839e-03
 91.20000   3.221839e-03
 91.25000   3.221839e-03
 91.30000   3.221839e-03
 91.35000   3.221839e-03
 91.40000   3.221839e-03
 91.45000   3.221839e-03
 91.50000   3.221839e-03
 91.55000   3.221839e-03
 91.60000   3.221839e-03
 91.65000   3.221839e-03
 91.70000   3.221839e-03
 91.75000   3.221839e-03
 91.80000   3.221839e-03
 91.85000   3.221839e-03
 91.90000   3.221839e-03
 91.95000   3.221839e-03
 92.00000   3.221839e-03
 92.05000   3.221839e-03
 92.10000   3.221839e-03
 92.15000   3.221839e-03
 92.20000   3.221839e-03
 92.25000   3.221839e-03
 92.30000   3.221839e-03
 92.35000   3.221839e-03
 92.40000   3.221839e-03
 92.45000   3.221839e-03
 92.50000   3.221839e-03
 92.55000   3.221839e-03
 92.60000   3.221839e-03
 92.65000   3.221839e-03
 92.70000   3.221839e-03
 92.75000   3.221839e-03
 92.80000   3.221839e-03
 92.85000   3.221839e-03
 92.90000   3.221839e-03
 92.95000   3.221839e-03
 93.00000   3.221839e-03
 93.05000   3.221839e-03
 93.10000   3.221839e-03
 93.15000   3.221839e-03
 93.20000   3.221839e-03
 93.25000   3.221839e-03
 93.30000   3.221839e-03
 93.35000   3.221839e-03
 93.40000   3.221839e-03
 93.45000   3.221839e-03
 93.50000   3.221839e-03
 93.55000   3.221839e-03
 93.60000   3.221839e-03
 93.65000   3.221839e-03
 93.70000   3.221839e-03
 93.75000   3.221839e-03
 93.80000   3.221839e-03
 93.85000   3.221839e-03
 93.90000   3.221839e-03
 93.95000   3.221839e-03
 94.00000   3.221839e-03
 94.05000   3.221839e-03
 94.10000   3.221839e-03
 94.15000   3.221839e-03
 94.20000   3.221839e-03
 94.25000   3.221839e-03
 94.30000   3.221839e-03
 94.35000   3.221839e-03
 94.40000   3.221839e-03
 94.45000   3.221839e-03
 94.50000   3.221839e-03
 94.55000   3.221839e-03
 94.60000   3.221839e-03
 94.65000   3.221839e-03
 94.70000   3.221839e-03
 94.75000   3.221839e-03
 94.80000   3.221839e-03
 94.85000   3.221839e-03
 94.90000   3.221839e-03
 94.95000   3.221839e-03
 95.00000   3.221839e-03
 95.05000   3.221839e-03
 95.10000   3.221839e-03
 95.15000   3.221839e-03
 95.20000   3.221839e-03
 95.25000   3.221839e-03
 95.30000   3.221839e-03
 95.35000   3.221839e-03
 95.40000   3.221839e-03
 95.45000   3.221839e-03
 95.50000   3.221839e-03
 95.55000   3.221839e-03
 95.60000   3.221839e-03
 95.65000   3.221839e-03
 95.70000   3.221839e-03
 95.75000   3.221839e-03
 95.80000   3.221839e-03
 95.85000   3.221839e-03
 95.90000   3.221839e-03
 95.95000   3.221839e-03
 96.00000   3.221839e-03
 96.05000   3.221839e-03
 96.10000   3.221839e-03
 96.15000   3.221839e-03
 96.20000   3.221839e-03
 96.25000   3.221839e-03
 96.30000   3.221839e-03
 96.35000   3.221839e-03
 96.40000   3.221839e-03
 96.45000   3.221839e-03
 96.50000   3.221839e-03
 96.55000   3.221839e-03
 96.60000   3.221839e-03
 96.65000   3.221839e-03
 96.70000   3.221839e-03
 96.75000   3.221839e-03
 96.80000   3.221839e-03
 96.85000   3.221839e-03
 96.90000   3.221839e-03
 96.95000   3.221839e-03
 97.00000   3.221839e-03
 97.05000   3.221839e-03
 97.10000   3.221839e-03
 97.15000   3.221839e-03
 97.20000   3.221839e-03
 97.25000   3.221839e-03
 97.30000   3.221839e-03
 97.35000   3.221839e-03
 97.40000   3.221839e-03
 97.45000   3.221839e-03
 97.50000   3.221839e-03
 97.55000   3.221839e-03
 97.60000   3.221839e-03
 97.65000   3.221839e-03
 97.70000   3.221839e-03
 97.75000   3.221839e-03
 97.80000   3.221839e-03
 97.85000   3.221839e-03
 97.90000   3.221839e-03
 97.95000   3.221839e-03
 98.00000   3.221839e-03
 98.05000   3.221839e-03
 98.10000   3.221839e-03
 98.15000   3.221839e-03
 98.20000   3.221839e-03
 98.25000   3.221839e-03
 98.30000   3.221839e-03
 98.35000   3.221839e-03
 98.40000   3.221839e-03
 98.45000   3.221839e-03
 98.50000   3.221839e-03
 98.55000   3.221839e-03
 98.60000   3.221839e-03
 98.65000   3.221839e-03
 98.70000   3.221839e-03
 98.75000   3.221839e-03
 98.80000   3.221839e-03
 98.85000   3.221839e-03
 98.90000   3.221839e-03
 98.95000   3.221839e-03
 99.00000   3.221839e-03
 99.05000   3.221839e-03
 99.10000   3.221839e-03
 99.15000   3.221839e-03
 99.20000   3.221839e-03
 99.25000   3.221839e-03
 99.30000   3.221839e-03
 99.35000   3.221839e-03
 99.40000   3.221839e-03
 99.45000   3.221839e-03
 99.50000   3.221839e-03
 99.55000   3.221839e-03
 99.60000   3.221839e-03
 99.65000   3.221839e-03
 99.70000   3.221839e-03
 99.75000   3.221839e-03
 99.80000   3.221839e-03
 99.85000   3.221839e-03
 99.90000   3.221839e-03
 99.95000   3.221839e-03
100.00000   3.221839e-03
100.05000   3.221839e-03
100.10000   3.221839e-03
100.15000   3.221839e-03
100.20000   3.221839e-03
100.25000   3.221839e-03
100.30000   3.221839e-03
100.35000   3.221839e-03
100.40000   3.221839e-03
100.45000   3.221839e-03
100.50000   3.221839e-03
100.55000   3.221839e-03
100.60000   3.221839e-03
100.65000   3.221839e-03
100.70000   3.221839e-03
100.75000   3.221839e-03
100.80000   3.221839e-03
100.85000   3.221839e-03
100.90000   3.221839e-03
100.95000   3.221839e-03
101.00000   3.221839e-03
101.05000   3.221839e-03
101.10000   3.221839e-03
101.15000   3.221839e-03
101.20000   3.221839e-03
101.25000   3.221839e-03
101.30000   3.221839e-03
101.35000   3.221839e-03
101.40000   3.221839e-03
101.45000   3.221839e-03
101.50000   3.221839e-03
101.55000   3.221839e-03
101.60000   3.221839e-03
101.65000   3.221839e-03
101.70000   3.221839e-03
101.75000   3.221839e-03
101.80000   3.221839e-03
101.85000   3.221839e-03
101.90000   3.221839e-03
101.95000   3.221839e-03
102.00000   3.221839e-03
102.05000   3.221839e-03
102.10000   3.221839e-03
102.15000   3.221839e-03
102.20000   3.221839e-03
102.25000   3.221839e-03
102.30000   3.221839e-03
102.35000   3.221839e-03
102.40000   3.221839e-03
102.45000   3.221839e-03
102.50000   3.221839e-03
102.55000   3.221839e-03
102.60000   3.221839e-03
102.65000   3.221839e-03
102.70000   3.221839e-03
102.75000   3.221839e-03
102.80000   3.221839e-03
102.85000   3.221839e-03
102.90000   3.221839e-03
102.95000   3.221839e-03
103.00000   3.221839e-03
103.05000   3.221839e-03
103.10000   3.221839e-03
103.15000   3.221839e-03
103.20000   3.221839e-03
103.25000   3.221839e-03
103.30000   3.221839e-03
103.35000   3.221839e-03
103.40000   3.221839e-03
103.45000   3.221839e-03
103.50000   3.221839e-03
103.55000   3.221839e-03
103.60000   3.221839e-03
103.65000   3.221839e-03
103.70000   3.221839e-03
103.75000   3.221839e-03
103.80000   3.221839e-03
103.85000   3.221839e-03
103.90000   3.221839e-03
103.95000   3.221839e-03
104.00000   3.221839e-03
104.05000   3.221839e-03
104.10000   3.221839e-03
104.15000   3.221839e-03
104.20000   3.221839e-03
104.25000   3.221839e-03
104.30000   3.221839e-03
104.35000   3.221839e-03
104.40000   3.221839e-03
104.45000   3.221839e-03
104.50000   3.221839e-03
104.55000   3.221839e-03
104.60000   3.221839e-03
104.65000   3.221839e-03
104.70000   3.221839e-03
104.75000   3.221839e-03
104.80000   3.221839e-03
104.85000   3.221839e-03
104.90000   3.221839e-03
104.95000   3.221839e-03
105.00000   3.221839e-03
105.05000   3.221839e-03
105.10000   3.221839e-03
105.15000   3.221839e-03
105.20000   3.221839e-03
105.25000   3.221839e-03
105.30000   3.221839e-03
105.35000   3.221839e-03
105.40000   3.221839e-03
105.45000   3.221839e-03
105.50000   3.221839e-03
105.55000   3.221839e-03
105.60000   3.221839e-03
105.65000   3.221839e-03
105.70000   3.221839e-03
105.75000   3.221839e-03
105.80000   3.221839e-03
105.85000   3.221839e-03
105.90000   3.221839e-03
105.95000   3.221839e-03
106.00000   3.221839e-03
106.05000   3.221839e-03
106.10000   3.221839e-03
106.15000   3.221839e-03
106.20000   3.221839e-03
106.25000   3.221839e-03
106.30000   3.221839e-03
106.35000   3.221839e-03
106.40000   3.221839e-03
106.45000   3.221839e-03
106.50000   3.221839e-03
106.55000   3.221839e-03
106.60000   3.221839e-03
106.65000   3.221839e-03
106.70000   3.221839e-03
106.75000   3.221839e-03
106.80000   3.221839e-03
106.85000   3.221839e-03
106.90000   3.221839e-03
106.95000   3.221839e-03
107.00000   3.221839e-03
107.05000   3.221839e-03
107.10000   3.221839e-03
107.15000   3.221839e-03
107.20000   3.221839e-03
107.25000   3.221839e-03
107.30000   3.221839e-03
107.35000   3.221839e-03
107.40000   3.221839e-03
107.45000   3.221839e-03
107.50000   3.221839e-03
107.55000   3.221839e-03
107.60000   3.221839e-03
107.65000   3.221839e-03
107.70000   3.221839e-03
107.75000   3.221839e-03
107.80000   3.221839e-03
107.85000   3.221839e-03
107.90000   3.221839e-03
107.95000   3.221839e-03
108.00000   3.221839e-03
108.05000   3.221839e-03
108.10000   3.221839e-03
108.15000   3.221839e-03
108.20000   3.221839e-03
108.25000   3.221839e-03
108.30000   3.221839e-03
108.35000   3.221839e-03
108.40000   3.221839e-03
108.45000   3.221839e-03
108.50000   3.221839e-03
108.55000   3.221839e-03
108.60000   3.221839e-03
108.65000   3.221839e-03
108.70000   3.221839e-03
108.75000   3.221839e-03
108.80000   3.221839e-03
108.85000   3.221839e-03
108.90000   3.221839e-03
108.95000   3.221839e-03
109.00000   3.221839e-03
109.05000   3.221839e-03
109.10000   3.221839e-03
109.15000   3.221839e-03
109.20000   3.221839e-03
109.25000   3.221839e-03
109.30000   3.221839e-03
109.35000   3.221839e-03
109.40000   3.221839e-03
109.45000   3.221839e-03
109.50000   3.221839e-03
109.55000   3.221839e-03
109.60000   3.221839e-03
109.65000   3.221839e-03
109.70000   3.221839e-03
109.75000   3.221839e-03
109.80000   3.221839e-03
109.85000   3.221839e-03
109.90000   3.221839e-03
110.00000   3.221839e-03
110.06000   3.221839e-03
110.12000   3.221839e-03
110.18000   3.221839e-03
110.24000   3.221839e-03
110.30000   3.221839e-03
110.36000   3.221839e-03
110.42000   3.221839e-03
110.48000   3.221839e-03
110.54000   3.221839e-03
110.60000   3.221839e-03
110.66000   3.221839e-03
110.72000   3.221839e-03
110.78000   3.221839e-03
110.84000   3.221839e-03
110.90000   3.221839e-03
110.96000   3.221839e-03
111.02000   3.221839e-03
111.08000   3.221839e-03
111.14000   3.221839e-03
111.20000   3.221839e-03
111.26000   3.221839e-03
111.32000   3.221839e-03
111.38000   3.221839e-03
111.44000   3.221839e-03
111.50000   3.221839e-03
111.56000   3.221839e-03
111.62000   3.221839e-03
111.68000   3.221839e-03
111.74000   3.221839e-03
111.80000   3.221839e-03
111.86000   3.221839e-03
111.92000   3.221839e-03
111.98000   3.221839e-03
112.04000   3.221839e-03
112.10000   3.221839e-03
112.16000   3.221839e-03
112.22000   3.221839e-03
112.28000   3.221839e-03
112.34000   3.221839e-03
112.40000   3.221839e-03
112.46000   3.221839e-03
112.52000   3.221839e-03
112.58000   3.221839e-03
112.64000   3.221839e-03
112.70000   3.221839e-03
112.76000   3.221839e-03
112.82000   3.221839e-03
112.88000   3.221839e-03
112.94000   3.221839e-03
113.00000   3.221839e-03
113.06000   3.221839e-03
113.12000   3.221839e-03
113.18000   3.221839e-03
113.24000   3.221839e-03
113.30000   3.221839e-03
113.36000   3.221839e-03
113.42000   3.221839e-03
113.48000   3.221839e-03
113.54000   3.221839e-03
113.60000   3.221839e-03
113.66000   3.221839e-03
113.72000   3.221839e-03
113.78000   3.221839e-03
113.84000   3.221839e-03
113.90000   3.221839e-03
113.96000   3.221839e-03
114.02000   3.221839e-03
114.08000   3.221839e-03
114.14000   3.221839e-03
114.20000   3.221839e-03
114.26000   3.221839e-03
114.32000   3.221839e-03
114.38000   3.221839e-03
114.44000   3.221839e-03
114.50000   3.221839e-03
114.56000   3.221839e-03
114.62000   3.221839e-03
114.68000   3.221839e-03
114.74000   3.221839e-03
114.80000   3.221839e-03
114.86000   3.221839e-03
114.92000   3.221839e-03
114.98000   3.221839e-03
115.04000   3.221839e-03
115.10000   3.221839e-03
115.16000   3.221839e-03
115.22000   3.221839e-03
115.28000   3.221839e-03
115.34000   3.221839e-03
115.40000   3.221839e-03
115.46000   3.221839e-03
115.52000   3.221839e-03
115.58000   3.221839e-03
115.64000   3.221839e-03
115.70000   3.221839e-03
115.76000   3.221839e-03
115.82000   3.221839e-03
115.88000   3.221839e-03
115.94000   3.221839e-03
116.00000   3.221839e-03
116.06000   3.221839e-03
116.12000   3.221839e-03
116.18000   3.221839e-03
116.24000   3.221839e-03
116.30000   3.221839e-03
116.36000   3.221839e-03
116.42000   3.221839e-03
116.48000   3.221839e-03
116.54000   3.221839e-03
116.60000   3.221839e-03
116.66000   3.221839e-03
116.72000   3.221839e-03
116.78000   3.221839e-03
116.84000   3.221839e-03
116.90000   3.221839e-03
116.96000   3.221839e-03
117.02000   3.221839e-03
117.08000   3.221839e-03
117.14000   3.221839e-03
117.20000   3.221839e-03
117.26000   3.221839e-03
117.32000   3.221839e-03
117.38000   3.221839e-03
117.44000   3.221839e-03
117.50000   3.221839e-03
117.56000   3.221839e-03
117.62000   3.221839e-03
117.68000   3.221839e-03
117.74000   3.221839e-03
117.80000   3.221839e-03
117.86000   3.221839e-03
117.92000   3.221839e-03
117.98000   3.221839e-03
118.04000   3.221949e-03
118.10000   3.223291e-03
118.16000   3.224632e-03
118.22000   3.225974e-03
118.28000   3.227316e-03
118.34000   3.228657e-03
118.40000   3.229999e-03
118.46000   3.231341e-03
118.52000   3.232682e-03
118.58000   3.234024e-03
118.64000   3.235366e-03
118.70000   3.236707e-03
118.76000   3.238049e-03
118.82000   3.239391e-03
118.88000   3.240732e-03
118.94000   3.242074e-03
119.00000   3.243416e-03
119.06000   3.244757e-03
119.12000   3.246099e-03
119.18000   3.247441e-03
119.24000   3.248782e-03
119.30000   3.250124e-03
119.36000   3.251465e-03
119.42000   3.252807e-03
119.48000   3.254149e-03
119.54000   3.255490e-03
119.60000   3.256832e-03
119.66000   3.258174e-03
119.72000   3.259515e-03
119.78000   3.260857e-03
119.84000   3.262198e-03
119.90000   3.263540e-03
119.96000   3.264882e-03
120.02000   3.266223e-03
120.08000   3.267565e-03
120.14000   3.268907e-03
120.20000   3.270248e-03
120.26000   3.271590e-03
120.32000   3.272931e-03
120.38000   3.274273e-03
120.44000   3.275615e-03
120.50000   3.276956e-03
120.56000   3.278298e-03
120.62000   3.279639e-03
120.68000   3.280981e-03
120.74000   3.282323e-03
120.80000   3.283664e-03
120.86000   3.285006e-03
120.92000   3.286347e-03
120.98000   3.287689e-03
121.04000   3.289031e-03
121.10000   3.290372e-03
121.16000   3.291714e-03
121.22000   3.293055e-03
121.28000   3.294397e-03
121.34000   3.295738e-03
121.40000   3.297080e-03
121.46000   3.298422e-03
121.52000   3.299763e-03
121.58000   3.301105e-03
121.64000   3.302446e-03
121.70000   3.303788e-03
121.76000   3.305129e-03
121.82000   3.306471e-03
121.88000   3.307813e-03
121.94000   3.309154e-03
122.00000   3.310496e-03
122.06000   3.311837e-03
122.12000   3.313179e-03
122.18000   3.314520e-03
122.24000   3.315862e-03
122.30000   3.317203e-03
122.36000   3.318545e-03
122.42000   3.319886e-03
122.48000   3.321228e-03
122.54000   3.322570e-03
122.60000   3.323911e-03
122.66000   3.325253e-03
122.72000   3.326594e-03
122.78000   3.327936e-03
122.84000   3.329277e-03
122.90000   3.330619e-03
122.96000   3.331960e-03
123.02000   3.333302e-03
123.08000   3.334643e-03
123.14000   3.335985e-03
123.20000   3.337326e-03
123.26000   3.338668e-03
123.32000   3.340009e-03
123.38000   3.341351e-03
123.44000   3.342692e-03
123.50000   3.344034e-03
123.56000   3.345375e-03
123.62000   3.346717e-03
123.68000   3.348059e-03
123.74000   3.349400e-03
123.80000   3.350742e-03
123.86000   3.352083e-03
123.92000   3.353425e-03
123.98000   3.354766e-03
124.04000   3.356108e-03
124.10000   3.357449e-03
124.16000   3.358790e-03
124.22000   3.360132e-03
124.28000   3.361473e-03
124.34000   3.362815e-03
124.40000   3.364156e-03
124.46000   3.365498e-03
124.52000   3.366839e-03
124.58000   3.368181e-03
124.64000   3.369522e-03
124.70000   3.370864e-03
124.76000   3.372205e-03
124.82000   3.373547e-03
124.88000   3.374888e-03
124.94000   3.376230e-03
125.00000   3.377571e-03
125.06000   3.378913e-03
125.12000   3.380254e-03
125.18000   3.381596e-03
125.24000   3.382937e-03
125.30000   3.384278e-03
125.36000   3.385620e-03
125.42000   3.386961e-03
125.48000   3.388303e-03
125.54000   3.389644e-03
125.60000   3.390986e-03
125.66000   3.392327e-03
125.72000   3.393669e-03
125.78000   3.395010e-03
125.84000   3.396352e-03
125.90000   3.397693e-03
125.96000   3.399034e-03
126.02000   3.400376e-03
126.08000   3.401717e-03
126.14000   3.403059e-03
126.20000   3.404400e-03
126.26000   3.405742e-03
126.32000   3.407083e-03
126.38000   3.408424e-03
126.44000   3.409766e-03
126.50000   3.411107e-03
126.56000   3.412449e-03
126.62000   3.413790e-03
126.68000   3.415132e-03
126.74000   3.416473e-03
126.80000   3.417814e-03
126.86000   3.419156e-03
126.92000   3.420497e-03
126.98000   3.421839e-03
127.04000   3.423180e-03
127.10000   3.424521e-03
127.16000   3.425863e-03
127.22000   3.427204e-03
127.28000   3.428546e-03
127.34000   3.429887e-03
127.40000   3.431228e-03
127.46000   3.432570e-03
127.52000   3.433911e-03
127.58000   3.435253e-03
127.64000   3.436594e-03
127.70000   3.437935e-03
127.76000   3.439277e-03
127.82000   3.440618e-03
127.88000   3.441959e-03
127.94000   3.443301e-03
128.00000   3.444642e-03
128.06000   3.445984e-03
128.12000   3.447325e-03
128.18000   3.448666e-03
128.24000   3.450008e-03
128.30000   3.451349e-03
128.36000   3.452690e-03
128.42000   3.454032e-03
128.48000   3.455373e-03
128.54000   3.456715e-03
128.60000   3.458056e-03
128.66000   3.459397e-03
128.72000   3.460739e-03
128.78000   3.462080e-03
128.84000   3.463421e-03
128.90000   3.464763e-03
128.96000   3.466104e-03
129.02000   3.467445e-03
129.08000   3.468787e-03
129.14000   3.470128e-03
129.20000   3.471469e-03
129.26000   3.472811e-03
129.32000   3.474152e-03
129.38000   3.475493e-03
129.44000   3.476835e-03
129.50000   3.478176e-03
129.56000   3.479517e-03
129.62000   3.480859e-03
129.68000   3.482200e-03
129.74000   3.483541e-03
129.80000   3.484883e-03
129.86000   3.486224e-03
129.92000   3.487565e-03
129.98000   3.488907e-03
130.04000   3.490248e-03
130.10000   3.491589e-03
130.16000   3.492931e-03
130.22000   3.494272e-03
130.28000   3.495613e-03
130.34000   3.496954e-03
130.40000   3.498296e-03
130.46000   3.499637e-03
130.52000   3.500978e-03
130.58000   3.502320e-03
130.64000   3.503661e-03
130.70000   3.505002e-03
130.76000   3.506344e-03
130.82000   3.507685e-03
130.88000   3.509026e-03
130.94000   3.510367e-03
131.00000   3.511709e-03
131.06000   3.513050e-03
131.12000   3.514391e-03
131.18000   3.515733e-03
131.24000   3.517074e-03
131.30000   3.518415e-03
131.36000   3.519756e-03
131.42000   3.521098e-03
131.48000   3.522439e-03
131.54000   3.523780e-03
131.60000   3.525121e-03
131.66000   3.526463e-03
131.72000   3.527804e-03
131.78000   3.529145e-03
131.84000   3.530487e-03
131.90000   3.531828e-03
131.96000   3.533169e-03
132.02000   3.534510e-03
132.08000   3.535852e-03
132.14000   3.537193e-03
132.20000   3.538534e-03
132.26000   3.539875e-03
132.32000   3.541217e-03
132.38000   3.542558e-03
132.44000   3.543899e-03
132.50000   3.545240e-03
132.56000   3.546582e-03
132.62000   3.547923e-03
132.68000   3.549264e-03
132.74000   3.550605e-03
132.80000   3.551946e-03
132.86000   3.553288e-03
132.92000   3.554629e-03
132.98000   3.555970e-03
133.04000   3.557311e-03
133.10000   3.558653e-03
133.16000   3.559994e-03
133.22000   3.561335e-03
133.28000   3.562676e-03
133.34000   3.564017e-03
133.40000   3.565359e-03
133.46000   3.566700e-03
133.52000   3.568041e-03
133.58000   3.569382e-03
133.64000   3.570723e-03
133.70000   3.572065e-03
133.76000   3.573406e-03
133.82000   3.574747e-03
133.88000   3.576088e-03
133.94000   3.577430e-03
134.00000   3.578771e-03
134.06000   3.580112e-03
134.12000   3.581453e-03
134.18000   3.582794e-03
134.24000   3.584135e-03
134.30000   3.585477e-03
134.36000   3.586818e-03
134.42000   3.588159e-03
134.48000   3.589500e-03
134.54000   3.590841e-03
134.60000   3.592183e-03
134.66000   3.593524e-03
134.72000   3.594865e-03
134.78000   3.596206e-03
134.84000   3.597547e-03
134.90000   3.598888e-03
134.96000   3.600230e-03
135.02000   3.601571e-03
135.08000   3.602912e-03
135.14000   3.604253e-03
135.20000   3.605594e-03
135.26000   3.606935e-03
135.32000   3.608277e-03
135.38000   3.609618e-03
135.44000   3.610959e-03
135.50000   3.612300e-03
135.56000   3.613641e-03
135.62000   3.614982e-03
135.68000   3.616323e-03
135.74000   3.617665e-03
135.80000   3.619006e-03
135.86000   3.620347e-03
135.92000   3.621688e-03
135.98000   3.623029e-03
136.04000   3.624370e-03
136.10000   3.625711e-03
136.16000   3.627053e-03
136.22000   3.628394e-03
136.28000   3.629735e-03
136.34000   3.631076e-03
136.40000   3.632417e-03
136.46000   3.633758e-03
136.52000   3.635099e-03
136.58000   3.636440e-03
136.64000   3.637782e-03
136.70000   3.639123e-03
136.76000   3.640464e-03
136.82000   3.641805e-03
136.88000   3.643146e-03
136.94000   3.644487e-03
137.00000   3.645828e-03
137.06000   3.647169e-03
137.12000   3.648510e-03
137.18000   3.649851e-03
137.24000   3.651193e-03
137.30000   3.652534e-03
137.36000   3.653875e-03
137.42000   3.655216e-03
137.48000   3.656557e-03
137.54000   3.657898e-03
137.60000   3.659239e-03
137.66000   3.660580e-03
137.72000   3.661921e-03
137.78000   3.663262e-03
137.84000   3.664603e-03
137.90000   3.665945e-03
137.96000   3.667286e-03
138.02000   3.668627e-03
138.08000   3.669968e-03
138.14000   3.671309e-03
138.20000   3.672650e-03
138.26000   3.673991e-03
138.32000   3.675332e-03
138.38000   3.676673e-03
138.44000   3.678014e-03
138.50000   3.679355e-03
138.56000   3.680696e-03
138.62000   3.682037e-03
138.68000   3.683378e-03
138.74000   3.684719e-03
138.80000   3.686060e-03
138.86000   3.687402e-03
138.92000   3.688743e-03
138.98000   3.690084e-03
139.04000   3.691425e-03
139.10000   3.692766e-03
139.16000   3.694107e-03
139.22000   3.695448e-03
139.28000   3.696789e-03
139.34000   3.698130e-03
139.40000   3.699471e-03
139.46000   3.700812e-03
139.52000   3.702153e-03
139.58000   3.703494e-03
139.64000   3.704835e-03
139.70000   3.706176e-03
139.76000   3.707517e-03
139.82000   3.708858e-03
139.88000   3.710199e-03
139.94000   3.711540e-03
140.00000   3.712881e-03
140.06000   3.714222e-03
140.12000   3.715563e-03
140.18000   3.716904e-03
140.24000   3.718245e-03
140.30000   3.719586e-03
140.36000   3.720927e-03
140.42000   3.722268e-03
140.48000   3.723609e-03
140.54000   3.724950e-03
140.60000   3.726291e-03
140.66000   3.727632e-03
140.72000   3.728973e-03
140.78000   3.730314e-03
140.84000   3.731655e-03
140.90000   3.732996e-03
140.96000   3.734337e-03
141.02000   3.735678e-03
141.08000   3.737019e-03
141.14000   3.738360e-03
141.20000   3.739701e-03
141.26000   3.741042e-03
141.32000   3.742383e-03
141.38000   3.743724e-03
141.44000   3.745065e-03
141.50000   3.746406e-03
141.56000   3.747747e-03
141.62000   3.749088e-03
141.68000   3.750429e-03
141.74000   3.751770e-03
141.80000   3.753111e-03
141.86000   3.754452e-03
141.92000   3.755793e-03
141.98000   3.757134e-03
142.04000   3.758475e-03
142.10000   3.759816e-03
142.16000   3.761156e-03
142.22000   3.762497e-03
142.28000   3.763838e-03
142.34000   3.765179e-03
142.40000   3.766520e-03
142.46000   3.767861e-03
142.52000   3.769202e-03
142.58000   3.770543e-03
142.64000   3.771884e-03
142.70000   3.773225e-03
142.76000   3.774566e-03
142.82000   3.775907e-03
142.88000   3.777248e-03
142.94000   3.778589e-03
143.00000   3.779930e-03
143.06000   3.781271e-03
143.12000   3.782611e-03
143.18000   3.783952e-03
143.24000   3.785293e-03
143.30000   3.786634e-03
143.36000   3.787975e-03
143.42000   3.789316e-03
143.48000   3.790657e-03
143.54000   3.791998e-03
143.60000   3.793339e-03
143.66000   3.794680e-03
143.72000   3.796021e-03
143.78000   3.797361e-03
143.84000   3.798702e-03
143.90000   3.800043e-03
143.96000   3.801384e-03
144.02000   3.802725e-03
144.08000   3.804066e-03
144.14000   3.805407e-03
144.20000   3.806748e-03
144.26000   3.808089e-03
144.32000   3.809429e-03
144.38000   3.810770e-03
144.44000   3.812111e-03
144.50000   3.813452e-03
144.56000   3.814793e-03
144.62000   3.816134e-03
144.68000   3.817475e-03
144.74000   3.818816e-03
144.80000   3.820156e-03
144.86000   3.821497e-03
144.92000   3.822838e-03
144.98000   3.824179e-03
145.04000   3.825520e-03
145.10000   3.826861e-03
145.16000   3.828202e-03
145.22000   3.829543e-03
145.28000   3.830883e-03
145.34000   3.832224e-03
145.40000   3.833565e-03
145.46000   3.834906e-03
145.52000   3.836247e-03
145.58000   3.837588e-03
145.64000   3.838928e-03
145.70000   3.840269e-03
145.76000   3.841610e-03
145.82000   3.842951e-03
145.88000   3.844292e-03
145.94000   3.845633e-03
146.00000   3.846974e-03
146.06000   3.848314e-03
146.12000   3.849655e-03
146.18000   3.850996e-03
146.24000   3.852337e-03
146.30000   3.853678e-03
146.36000   3.855019e-03
146.42000   3.856359e-03
146.48000   3.857700e-03
146.54000   3.859041e-03
146.60000   3.860382e-03
146.66000   3.861723e-03
146.72000   3.863063e-03
146.78000   3.864404e-03
146.84000   3.865745e-03
146.90000   3.867086e-03
146.96000   3.868427e-03
147.02000   3.869767e-03
147.08000   3.871108e-03
147.14000   3.872449e-03
147.20000   3.873790e-03
147.26000   3.875131e-03
147.32000   3.876471e-03
147.38000   3.877812e-03
147.44000   3.879153e-03
147.50000   3.880494e-03
147.56000   3.881835e-03
147.62000   3.883175e-03
147.68000   3.884516e-03
147.74000   3.885857e-03
147.80000   3.887198e-03
147.86000   3.888539e-03
147.92000   3.889879e-03
147.98000   3.891220e-03
148.04000   3.892561e-03
148.10000   3.893902e-03
148.16000   3.895242e-03
148.22000   3.896583e-03
148.28000   3.897924e-03
148.34000   3.899265e-03
148.40000   3.900605e-03
148.46000   3.901946e-03
148.52000   3.903287e-03
148.58000   3.904628e-03
148.64000   3.905968e-03
148.70000   3.907309e-03
148.76000   3.908650e-03
148.82000   3.909991e-03
148.88000   3.911331e-03
148.94000   3.912672e-03
149.00000   3.914013e-03
149.06000   3.915354e-03
149.12000   3.916694e-03
149.18000   3.918035e-03
149.24000   3.919376e-03
149.30000   3.920717e-03
149.36000   3.922057e-03
149.42000   3.923398e-03
149.48000   3.924739e-03
149.54000   3.926080e-03
149.60000   3.927420e-03
149.66000   3.928761e-03
149.72000   3.930102e-03
149.78000   3.931442e-03
149.84000   3.932783e-03
149.90000   3.934124e-03
149.96000   3.935465e-03
150.02000   3.936805e-03
150.08000   3.941285e-03
150.14000   3.947899e-03
150.20000   3.954514e-03
150.26000   3.961129e-03
150.32000   3.967744e-03
150.38000   3.974359e-03
150.44000   3.980973e-03
150.50000   3.987588e-03
150.56000   3.994202e-03
150.62000   4.000817e-03
150.68000   4.007431e-03
150.74000   4.014046e-03
150.80000   4.020660e-03
150.86000   4.027275e-03
150.92000   4.033889e-03
150.98000   4.040503e-03
151.04000   4.047118e-03
151.10000   4.053732e-03
151.16000   4.060346e-03
151.22000   4.066960e-03
151.28000   4.073574e-03
151.34000   4.080188e-03
151.40000   4.086802e-03
151.46000   4.093416e-03
151.52000   4.100030e-03
151.58000   4.106644e-03
151.64000   4.113257e-03
151.70000   4.119871e-03
151.76000   4.126485e-03
151.82000   4.133098e-03
151.88000   4.139712e-03
151.94000   4.146326e-03
152.00000   4.152939e-03
152.06000   4.159553e-03
152.12000   4.166166e-03
152.18000   4.172780e-03
152.24000   4.179393e-03
152.30000   4.186006e-03
152.36000   4.192619e-03
152.42000   4.199233e-03
152.48000   4.205846e-03
152.54000   4.212459e-03
152.60000   4.219072e-03
152.66000   4.225685e-03
152.72000   4.232298e-03
152.78000   4.238911e-03
152.84000   4.245524e-03
152.90000   4.252137e-03
152.96000   4.258750e-03
153.02000   4.265362e-03
153.08000   4.271975e-03
153.14000   4.278588e-03
153.20000   4.285201e-03
153.26000   4.291813e-03
153.32000   4.298426e-03
153.38000   4.305038e-03
153.44000   4.311651e-03
153.50000   4.318263e-03
153.56000   4.324875e-03
153.62000   4.331488e-03
153.68000   4.338100e-03
153.74000   4.344712e-03
153.80000   4.351325e-03
153.86000   4.357937e-03
153.92000   4.364549e-03
153.98000   4.371161e-03
154.04000   4.377773e-03
154.10000   4.384385e-03
154.16000   4.390997e-03
154.22000   4.397609e-03
154.28000   4.404221e-03
154.34000   4.410833e-03
154.40000   4.417444e-03
154.46000   4.424056e-03
154.52000   4.430668e-03
154.58000   4.437279e-03
154.64000   4.443891e-03
154.70000   4.450502e-03
154.76000   4.457114e-03
154.82000   4.463725e-03
154.88000   4.470337e-03
154.94000   4.476948e-03
155.00000   4.483560e-03
155.06000   4.490171e-03
155.12000   4.496782e-03
155.18000   4.503393e-03
155.24000   4.510004e-03
155.30000   4.516616e-03
155.36000   4.523227e-03
155.42000   4.529838e-03
155.48000   4.536449e-03
155.54000   4.543060e-03
155.60000   4.549670e-03
155.66000   4.556281e-03
155.72000   4.562892e-03
155.78000   4.569503e-03
155.84000   4.576114e-03
155.90000   4.582724e-03
155.96000   4.589335e-03
156.02000   4.595945e-03
156.08000   4.602556e-03
156.14000   4.609167e-03
156.20000   4.615777e-03
156.26000   4.622387e-03
156.32000   4.628998e-03
156.38000   4.635608e-03
156.44000   4.642218e-03
156.50000   4.648829e-03
156.56000   4.655439e-03
156.62000   4.662049e-03
156.68000   4.668659e-03
156.74000   4.675269e-03
156.80000   4.681879e-03
156.86000   4.688489e-03
156.92000   4.695099e-03
156.98000   4.701709e-03
157.04000   4.708319e-03
157.10000   4.714929e-03
157.16000   4.721538e-03
157.22000   4.728148e-03
157.28000   4.734758e-03
157.34000   4.741367e-03
157.40000   4.747977e-03
157.46000   4.754586e-03
157.52000   4.761196e-03
157.58000   4.767805e-03
157.64000   4.774415e-03
157.70000   4.781024e-03
157.76000   4.787633e-03
157.82000   4.794243e-03
157.88000   4.800852e-03
157.94000   4.807461e-03
158.00000   4.814070e-03
158.06000   4.820679e-03
158.12000   4.827288e-03
158.18000   4.833897e-03
158.24000   4.840506e-03
158.30000   4.847115e-03
158.36000   4.853724e-03
158.42000   4.860333e-03
158.48000   4.866942e-03
158.54000   4.873550e-03
158.60000   4.880159e-03
158.66000   4.886768e-03
158.72000   4.893376e-03
158.78000   4.899985e-03
158.84000   4.906593e-03
158.90000   4.913202e-03
158.96000   4.919810e-03
159.02000   4.926419e-03
159.08000   4.933027e-03
159.14000   4.939635e-03
159.20000   4.946244e-03
159.26000   4.952852e-03
159.32000   4.959460e-03
159.38000   4.966068e-03
159.44000   4.972676e-03
159.50000   4.979284e-03
159.56000   4.985892e-03
159.62000   4.992500e-03
159.68000   4.999108e-03
159.74000   5.005716e-03
159.80000   5.012324e-03
159.86000   5.018932e-03
160.00000   5.034350e-03
160.10000   5.045362e-03
160.20000   5.056375e-03
160.30000   5.067387e-03
160.40000   5.078400e-03
160.50000   5.089412e-03
160.60000   5.100424e-03
160.70000   5.111436e-03
160.80000   5.122448e-03
160.90000   5.133459e-03
161.00000   5.144471e-03
161.10000   5.155482e-03
161.20000   5.166494e-03
161.30000   5.177505e-03
161.40000   5.188516e-03
161.50000   5.199527e-03
161.60000   5.210538e-03
161.70000   5.221549e-03
161.80000   5.232559e-03
161.90000   5.243570e-03
162.00000   5.254580e-03
162.10000   5.265591e-03
162.20000   5.276601e-03
162.30000   5.287611e-03
162.40000   5.298621e-03
162.50000   5.309630e-03
162.60000   5.320640e-03
162.70000   5.331649e-03
162.80000   5.342659e-03
162.90000   5.353668e-03
163.00000   5.364677e-03
163.10000   5.377639e-03
163.20000   5.391851e-03
163.30000   5.406062e-03
163.40000   5.420274e-03
163.50000   5.434485e-03
163.60000   5.448696e-03
163.70000   5.462906e-03
163.80000   5.477117e-03
163.90000   5.491327e-03
164.00000   5.505538e-03
164.10000   5.519747e-03
164.20000   5.533957e-03
164.30000   5.548167e-03
164.40000   5.562376e-03
164.50000   5.576585e-03
164.60000   5.590794e-03
164.70000   5.605003e-03
164.80000   5.619211e-03
164.90000   5.633420e-03
165.00000   5.647628e-03
165.10000   5.661836e-03
165.20000   5.676043e-03
165.30000   5.690251e-03
165.40000   5.704458e-03
165.50000   5.718665e-03
165.60000   5.732872e-03
165.70000   5.747079e-03
165.80000   5.761286e-03
165.90000   5.775492e-03
166.00000   5.789698e-03
166.10000   5.803904e-03
166.20000   5.818109e-03
166.30000   5.832315e-03
166.40000   5.846520e-03
166.50000   5.860725e-03
166.60000   5.874930e-03
166.70000   5.889135e-03
166.80000   5.903339e-03
166.90000   5.917544e-03
167.00000   5.931748e-03
167.10000   5.945951e-03
167.20000   5.960155e-03
167.30000   5.974359e-03
167.40000   5.988562e-03
167.50000   6.002765e-03
167.60000   6.016968e-03
167.70000   6.031170e-03
167.80000   6.045373e-03
167.90000   6.059575e-03
168.00000   6.073777e-03
168.10000   6.087979e-03
168.20000   6.102181e-03
168.30000   6.116382e-03
168.40000   6.130583e-03
168.50000   6.144784e-03
168.60000   6.158985e-03
168.70000   6.173186e-03
168.80000   6.187386e-03
168.90000   6.201586e-03
169.00000   6.215786e-03
169.10000   6.229986e-03
169.20000   6.244186e-03
169.30000   6.258385e-03
169.40000   6.272584e-03
169.50000   6.286783e-03
169.60000   6.300982e-03
169.70000   6.315181e-03
169.80000   6.329379e-03
169.90000   6.343577e-03
170.00000   6.357775e-03
170.10000   6.371973e-03
170.20000   6.386170e-03
170.30000   6.400368e-03
170.40000   6.414565e-03
170.50000   6.428762e-03
170.60000   6.442959e-03
170.70000   6.457155e-03
170.80000   6.471352e-03
170.90000   6.485548e-03
171.00000   6.499744e-03
171.10000   6.513939e-03
171.20000   6.528135e-03
171.30000   6.542330e-03
171.40000   6.556525e-03
171.50000   6.570720e-03
171.60000   6.584915e-03
171.70000   6.599110e-03
171.80000   6.613304e-03
171.90000   6.627498e-03
172.00000   6.641692e-03
172.10000   6.655886e-03
172.20000   6.670079e-03
172.30000   6.684272e-03
172.40000   6.698466e-03
172.50000   6.712658e-03
172.60000   6.726851e-03
172.70000   6.741044e-03
172.80000   6.755236e-03
172.90000   6.769428e-03
173.00000   6.783620e-03
173.10000   6.797812e-03
173.20000   6.801032e-03
173.30000   6.801746e-03
173.40000   6.802460e-03
173.50000   6.803173e-03
173.60000   6.803887e-03
173.70000   6.804600e-03
173.80000   6.805314e-03
173.90000   6.806028e-03
174.00000   6.806741e-03
174.10000   6.807455e-03
174.20000   6.808168e-03
174.30000   6.808882e-03
174.40000   6.809596e-03
174.50000   6.810309e-03
174.60000   6.811023e-03
174.70000   6.811736e-03
174.80000   6.812450e-03
174.90000   6.813163e-03
175.00000   6.813877e-03
175.10000   6.814591e-03
175.20000   6.815304e-03
175.30000   6.816018e-03
175.40000   6.816731e-03
175.50000   6.817445e-03
175.60000   6.818159e-03
175.70000   6.818872e-03
175.80000   6.819586e-03
175.90000   6.820299e-03
176.00000   6.821013e-03
176.10000   6.821726e-03
176.20000   6.822440e-03
176.30000   6.823154e-03
176.40000   6.823867e-03
176.50000   6.824581e-03
176.60000   6.825294e-03
176.70000   6.826008e-03
176.80000   6.826721e-03
176.90000   6.827435e-03
177.00000   6.828149e-03
177.10000   6.828862e-03
177.20000   6.829576e-03
177.30000   6.830289e-03
177.40000   6.831003e-03
177.50000   6.831716e-03
177.60000   6.832430e-03
177.70000   6.833144e-03
177.80000   6.833857e-03
177.90000   6.834571e-03
178.00000   6.835284e-03
178.10000   6.835998e-03
178.20000   6.836711e-03
178.30000   6.837425e-03
178.40000   6.838139e-03
178.50000   6.838852e-03
178.60000   6.839566e-03
178.70000   6.840279e-03
178.80000   6.840993e-03
178.90000   6.841706e-03
179.00000   6.842420e-03
179.10000   6.843134e-03
179.20000   6.843847e-03
179.30000   6.844561e-03
179.40000   6.845274e-03
179.50000   6.845988e-03
179.60000   6.846701e-03
179.70000   6.847415e-03
179.80000   6.848129e-03
179.90000   6.848842e-03
180.00000   6.849556e-03
180.10000   6.850269e-03
180.20000   6.850983e-03
180.30000   6.851696e-03
180.40000   6.852410e-03
180.50000   6.853123e-03
180.60000   6.853837e-03
180.70000   6.854551e-03
180.80000   6.855264e-03
180.90000   6.855978e-03
181.00000   6.856691e-03
181.10000   6.857405e-03
181.20000   6.858118e-03
181.30000   6.858832e-03
181.40000   6.859545e-03
181.50000   6.860259e-03
181.60000   6.860973e-03
181.70000   6.861686e-03
181.80000   6.862400e-03
181.90000   6.863113e-03
182.00000   6.863827e-03
182.10000   6.864540e-03
182.20000   6.865254e-03
182.30000   6.865967e-03
182.40000   6.866681e-03
182.50000   6.867394e-03
182.60000   6.868108e-03
182.70000   6.868822e-03
182.80000   6.869535e-03
182.90000   6.870249e-03
183.00000   6.870962e-03
183.10000   6.871676e-03
183.20000   6.872389e-03
183.30000   6.873103e-03
183.40000   6.873816e-03
183.50000   6.874530e-03
183.60000   6.875243e-03
183.70000   6.875957e-03
183.80000   6.876670e-03
183.90000   6.877384e-03
184.00000   6.878098e-03
184.10000   6.878811e-03
184.20000   6.879525e-03
184.30000   6.880238e-03
184.40000   6.880952e-03
184.50000   6.881665e-03
184.60000   6.882379e-03
184.70000   6.883092e-03
184.80000   6.883806e-03
184.90000   6.884519e-03
185.00000   6.885233e-03
185.10000   6.885946e-03
185.20000   6.886660e-03
185.30000   6.887374e-03
185.40000   6.888087e-03
185.50000   6.888801e-03
185.60000   6.889514e-03
185.70000   6.890228e-03
185.80000   6.890941e-03
185.90000   6.891655e-03
186.00000   6.892368e-03
186.10000   6.893082e-03
186.20000   6.893795e-03
186.30000   6.894509e-03
186.40000   6.895222e-03
186.50000   6.895936e-03
186.60000   6.896649e-03
186.70000   6.897363e-03
186.80000   6.898076e-03
186.90000   6.898790e-03
187.00000   6.899504e-03
187.10000   6.900217e-03
187.20000   6.900931e-03
187.30000   6.901644e-03
187.40000   6.902358e-03
187.50000   6.903071e-03
187.60000   6.903785e-03
187.70000   6.904498e-03
187.80000   6.905212e-03
187.90000   6.905925e-03
188.00000   6.906639e-03
188.10000   6.907352e-03
188.20000   6.908066e-03
188.30000   6.908779e-03
188.40000   6.909493e-03
188.50000   6.910206e-03
188.60000   6.910920e-03
188.70000   6.911633e-03
188.80000   6.912347e-03
188.90000   6.913060e-03
189.00000   6.913774e-03
189.10000   6.914487e-03
189.20000   6.915201e-03
189.30000   6.915914e-03
189.40000   6.916628e-03
189.50000   6.917341e-03
189.60000   6.918055e-03
189.70000   6.918768e-03
189.80000   6.919482e-03
189.90000   6.920195e-03
190.00000   6.920909e-03
190.10000   6.921622e-03
190.20000   6.922336e-03
190.30000   6.923049e-03
190.40000   6.923763e-03
190.50000   6.924477e-03
190.60000   6.925190e-03
190.70000   6.925904e-03
190.80000   6.926617e-03
190.90000   6.927331e-03
191.00000   6.928044e-03
191.10000   6.928758e-03
191.20000   6.929471e-03
191.30000   6.930185e-03
191.40000   6.930898e-03
191.50000   6.931612e-03
191.60000   6.932325e-03
191.70000   6.933039e-03
191.80000   6.933752e-03
191.90000   6.934466e-03
192.00000   6.935179e-03
192.10000   6.935893e-03
192.20000   6.936606e-03
192.30000   6.937320e-03
192.40000   6.938033e-03
192.50000   6.938747e-03
192.60000   6.939460e-03
192.70000   6.940173e-03
192.80000   6.940887e-03
192.90000   6.941600e-03
193.00000   6.942314e-03
193.10000   6.943027e-03
193.20000   6.943741e-03
193.30000   6.944454e-03
193.40000   6.945168e-03
193.50000   6.945881e-03
193.60000   6.946595e-03
193.70000   6.947308e-03
193.80000   6.948022e-03
193.90000   6.948735e-03
194.00000   6.949449e-03
194.10000   6.950162e-03
194.20000   6.950876e-03
194.30000   6.951589e-03
194.40000   6.952303e-03
194.50000   6.953016e-03
194.60000   6.953730e-03
194.70000   6.954443e-03
194.80000   6.955157e-03
194.90000   6.955870e-03
195.00000   6.956584e-03
195.10000   6.957297e-03
195.20000   6.958011e-03
195.30000   6.958724e-03
195.40000   6.959438e-03
195.50000   6.960151e-03
195.60000   6.960865e-03
195.70000   6.961578e-03
195.80000   6.962292e-03
195.90000   6.963005e-03
196.00000   6.963719e-03
196.10000   6.964432e-03
196.20000   6.965145e-03
196.30000   6.965859e-03
196.40000   6.966572e-03
196.50000   6.967286e-03
196.60000   6.967999e-03
196.70000   6.968713e-03
196.80000   6.969426e-03
196.90000   6.970140e-03
197.00000   6.970853e-03
197.10000   6.971567e-03
197.20000   6.972280e-03
197.30000   6.972994e-03
197.40000   6.973707e-03
197.50000   6.974421e-03
197.60000   6.975134e-03
197.70000   6.975848e-03
197.80000   6.976561e-03
197.90000   6.977274e-03
198.00000   6.977988e-03
198.10000   6.978701e-03
198.20000   6.979415e-03
198.30000   6.980128e-03
198.40000   6.980842e-03
198.50000   6.981555e-03
198.60000   6.982269e-03
198.70000   6.982982e-03
198.80000   6.983696e-03
198.90000   6.984409e-03
199.00000   6.985123e-03
199.10000   6.985836e-03
199.20000   6.986550e-03
199.30000   6.987263e-03
199.40000   6.987976e-03
199.50000   6.988690e-03
199.60000   6.989403e-03
199.70000   6.990117e-03
199.80000   6.990830e-03
199.90000   6.991544e-03
200.00000   6.992257e-03
200.10000   6.992971e-03
200.20000   6.993684e-03
200.30000   6.994398e-03
200.40000   6.995111e-03
200.50000   6.995824e-03
200.60000   6.996538e-03
200.70000   6.997251e-03
200.80000   6.997965e-03
200.90000   6.998678e-03
201.00000   6.999392e-03
201.10000   7.000105e-03
201.20000   7.000819e-03
201.30000   7.001532e-03
201.40000   7.002246e-03
201.50000   7.002959e-03
201.60000   7.003672e-03
201.70000   7.004386e-03
201.80000   7.005099e-03
201.90000   7.005813e-03
202.00000   7.006526e-03
202.10000   7.007240e-03
202.20000   7.007953e-03
202.30000   7.008667e-03
202.40000   7.009380e-03
202.50000   7.010093e-03
202.60000   7.010807e-03
202.70000   7.011520e-03
202.80000   7.012234e-03
202.90000   7.012947e-03
203.00000   7.013661e-03
203.10000   7.014374e-03
203.20000   7.015088e-03
203.30000   7.015801e-03
203.40000   7.016514e-03
203.50000   7.017228e-03
203.60000   7.017941e-03
203.70000   7.018655e-03
203.80000   7.019368e-03
203.90000   7.020082e-03
204.00000   7.020795e-03
204.10000   7.021508e-03
204.20000   7.022222e-03
204.30000   7.022935e-03
204.40000   7.023649e-03
204.50000   7.024362e-03
204.60000   7.025076e-03
204.70000   7.025789e-03
204.80000   7.026503e-03
204.90000   7.027216e-03
205.00000   7.027929e-03
205.10000   7.028643e-03
205.20000   7.029356e-03
205.30000   7.030070e-03
205.40000   7.030783e-03
205.50000   7.031497e-03
205.60000   7.032210e-03
205.70000   7.032923e-03
205.80000   7.033637e-03
205.90000   7.034350e-03
206.00000   7.035064e-03
206.10000   7.035777e-03
206.20000   7.036491e-03
206.30000   7.037204e-03
206.40000   7.037917e-03
206.50000   7.038631e-03
206.60000   7.039344e-03
206.70000   7.040058e-03
206.80000   7.040771e-03
206.90000   7.041484e-03
207.00000   7.042198e-03
207.10000   7.042911e-03
207.20000   7.043625e-03
207.30000   7.044338e-03
207.40000   7.045052e-03
207.50000   7.045765e-03
207.60000   7.046478e-03
207.70000   7.047192e-03
207.80000   7.047905e-03
207.90000   7.048619e-03
208.00000   7.049332e-03
208.10000   7.050046e-03
208.20000   7.050759e-03
208.30000   7.051472e-03
208.40000   7.052186e-03
208.50000   7.052899e-03
208.60000   7.053613e-03
208.70000   7.054326e-03
208.80000   7.055039e-03
208.90000   7.055753e-03
209.00000   7.056466e-03
209.10000   7.057180e-03
209.20000   7.057893e-03
209.30000   7.058606e-03
209.40000   7.059320e-03
209.50000   7.060033e-03
209.60000   7.060747e-03
209.70000   7.061460e-03
209.80000   7.062173e-03
209.90000   7.062887e-03
210.00000   7.063600e-03
210.10000   7.064314e-03
210.20000   7.065027e-03
210.30000   7.065741e-03
210.40000   7.066454e-03
210.50000   7.067167e-03
210.60000   7.067881e-03
210.70000   7.068594e-03
210.80000   7.069308e-03
210.90000   7.070021e-03
211.00000   7.070734e-03
211.10000   7.071448e-03
211.20000   7.072161e-03
211.30000   7.072875e-03
211.40000   7.073588e-03
211.50000   7.074301e-03
211.60000   7.075015e-03
211.70000   7.075728e-03
211.80000   7.076442e-03
211.90000   7.077155e-03
212.00000   7.077868e-03
212.10000   7.078582e-03
212.20000   7.079295e-03
212.30000   7.080008e-03
212.40000   7.080722e-03
212.50000   7.081435e-03
212.60000   7.082149e-03
212.70000   7.082862e-03
212.80000   7.083575e-03
212.90000   7.084289e-03
213.00000   7.085002e-03
213.10000   7.085716e-03
213.20000   7.086429e-03
213.30000   7.087142e-03
213.40000   7.087856e-03
213.50000   7.088569e-03
213.60000   7.089283e-03
213.70000   7.089996e-03
213.80000   7.090709e-03
213.90000   7.091423e-03
214.00000   7.092136e-03
214.10000   7.092849e-03
214.20000   7.093563e-03
214.30000   7.094276e-03
214.40000   7.094990e-03
214.50000   7.095703e-03
214.60000   7.096416e-03
214.70000   7.097130e-03
214.80000   7.097843e-03
214.90000   7.098557e-03
215.00000   7.099270e-03
215.10000   7.099983e-03
215.20000   7.100697e-03
215.30000   7.101410e-03
215.40000   7.102123e-03
215.50000   7.102837e-03
215.60000   7.103550e-03
215.70000   7.104264e-03
215.80000   7.104977e-03
215.90000   7.105690e-03
216.00000   7.106404e-03
216.10000   7.107117e-03
216.20000   7.107830e-03
216.30000   7.108544e-03
216.40000   7.109257e-03
216.50000   7.109971e-03
216.60000   7.110684e-03
216.70000   7.111397e-03
216.80000   7.112111e-03
216.90000   7.112824e-03
217.00000   7.113537e-03
217.10000   7.114251e-03
217.20000   7.114964e-03
217.30000   7.115678e-03
217.40000   7.116391e-03
217.50000   7.117104e-03
217.60000   7.117818e-03
217.70000   7.118531e-03
217.80000   7.119244e-03
217.90000   7.119958e-03
218.00000   7.120671e-03
218.10000   7.121384e-03
218.20000   7.122098e-03
218.30000   7.122811e-03
218.40000   7.123525e-03
218.50000   7.124238e-03
218.60000   7.124951e-03
218.70000   7.125665e-03
218.80000   7.126378e-03
218.90000   7.127091e-03
219.00000   7.127805e-03
219.10000   7.128518e-03
219.20000   7.129231e-03
219.30000   7.129945e-03
219.40000   7.130658e-03
219.50000   7.131371e-03
219.60000   7.132085e-03
219.70000   7.132798e-03
219.80000   7.133512e-03
219.90000   7.134225e-03
220.00000   7.134938e-03
220.10000   7.135652e-03
220.20000   7.136365e-03
220.30000   7.137078e-03
220.40000   7.137792e-03
220.50000   7.138505e-03
220.60000   7.139218e-03
220.70000   7.139932e-03
220.80000   7.140645e-03
220.90000   7.141358e-03
221.00000   7.142072e-03
221.10000   7.142785e-03
221.20000   7.143498e-03
221.30000   7.144212e-03
221.40000   7.144925e-03
221.50000   7.145639e-03
221.60000   7.146352e-03
221.70000   7.147065e-03
221.80000   7.147779e-03
221.90000   7.148492e-03
222.00000   7.149205e-03
222.10000   7.149919e-03
222.20000   7.150632e-03
222.30000   7.151345e-03
222.40000   7.152059e-03
222.50000   7.152772e-03
222.60000   7.153485e-03
222.70000   7.154199e-03
222.80000   7.154912e-03
222.90000   7.155625e-03
223.00000   7.156339e-03
223.10000   7.157052e-03
223.20000   7.157765e-03
223.30000   7.158479e-03
223.40000   7.159192e-03
223.50000   7.159905e-03
223.60000   7.160619e-03
223.70000   7.161332e-03
223.80000   7.162045e-03
223.90000   7.162759e-03
224.00000   7.163472e-03
224.10000   7.164185e-03
224.20000   7.164899e-03
224.30000   7.165612e-03
224.40000   7.166325e-03
224.50000   7.167039e-03
224.60000   7.167752e-03
224.70000   7.168465e-03
224.80000   7.169179e-03
224.90000   7.169892e-03
225.00000   7.170605e-03
225.10000   7.171319e-03
225.20000   7.172032e-03
225.30000   7.172745e-03
225.40000   7.173459e-03
225.50000   7.174172e-03
225.60000   7.174885e-03
225.70000   7.175599e-03
225.80000   7.176312e-03
225.90000   7.177025e-03
226.00000   7.177739e-03
226.10000   7.178452e-03
226.20000   7.179165e-03
226.30000   7.179879e-03
226.40000   7.180592e-03
226.50000   7.181305e-03
226.60000   7.182019e-03
226.70000   7.182732e-03
226.80000   7.183445e-03
226.90000   7.184158e-03
227.00000   7.184872e-03
227.10000   7.185585e-03
227.20000   7.186298e-03
227.30000   7.187012e-03
227.40000   7.187725e-03
227.50000   7.188438e-03
227.60000   7.189152e-03
227.70000   7.189865e-03
227.80000   7.190578e-03
227.90000   7.191292e-03
228.00000   7.192005e-03
228.10000   7.192718e-03
228.20000   7.193432e-03
228.30000   7.194145e-03
228.40000   7.194858e-03
228.50000   7.195572e-03
228.60000   7.196285e-03
228.70000   7.196998e-03
228.80000   7.197711e-03
228.90000   7.198425e-03
229.00000   7.199138e-03
229.10000   7.199851e-03
229.20000   7.200565e-03
229.30000   7.201278e-03
229.40000   7.201991e-03
229.50000   7.202705e-03
229.60000   7.203418e-03
229.70000   7.204131e-03
229.80000   7.204845e-03
229.90000   7.205558e-03
230.00000   7.206271e-03
230.10000   7.206984e-03
230.20000   7.207698e-03
230.30000   7.208411e-03
230.40000   7.209124e-03
230.50000   7.209838e-03
230.60000   7.210551e-03
230.70000   7.211264e-03
230.80000   7.211978e-03
230.90000   7.212691e-03
231.00000   7.213404e-03
231.10000   7.214117e-03
231.20000   7.214831e-03
231.30000   7.215544e-03
231.40000   7.216257e-03
231.50000   7.216971e-03
231.60000   7.217684e-03
231.70000   7.218397e-03
231.80000   7.219110e-03
231.90000   7.219824e-03
232.00000   7.220537e-03
232.10000   7.221250e-03
232.20000   7.221964e-03
232.30000   7.222677e-03
232.40000   7.223390e-03
232.50000   7.224104e-03
232.60000   7.224817e-03
232.70000   7.225530e-03
232.80000   7.226243e-03
232.90000   7.226957e-03
233.00000   7.227670e-03
233.10000   7.228383e-03
233.20000   7.229097e-03
233.30000   7.229810e-03
233.40000   7.230523e-03
233.50000   7.231236e-03
233.60000   7.231950e-03
233.70000   7.232663e-03
233.80000   7.233376e-03
233.90000   7.234090e-03
234.00000   7.234803e-03
234.10000   7.235516e-03
234.20000   7.236229e-03
234.30000   7.236943e-03
234.40000   7.237656e-03
234.50000   7.238369e-03
234.60000   7.239083e-03
234.70000   7.239796e-03
234.80000   7.240509e-03
234.90000   7.241222e-03
235.00000   7.241936e-03
235.10000   7.242649e-03
235.20000   7.243362e-03
235.30000   7.244075e-03
235.40000   7.244789e-03
235.50000   7.245502e-03
235.60000   7.246215e-03
235.70000   7.246929e-03
235.80000   7.247642e-03
235.90000   7.248355e-03
236.00000   7.249068e-03
236.10000   7.249782e-03
236.20000   7.250495e-03
236.30000   7.251208e-03
236.40000   7.251921e-03
236.50000   7.252635e-03
236.60000   7.253348e-03
236.70000   7.254061e-03
236.80000   7.254775e-03
236.90000   7.255488e-03
237.00000   7.256201e-03
237.10000   7.256914e-03
237.20000   7.257628e-03
237.30000   7.258341e-03
237.40000   7.259054e-03
237.50000   7.259767e-03
237.60000   7.260481e-03
237.70000   7.261194e-03
237.80000   7.261907e-03
237.90000   7.262620e-03
238.00000   7.263334e-03
238.10000   7.264047e-03
238.20000   7.264760e-03
238.30000   7.265473e-03
238.40000   7.266187e-03
238.50000   7.266900e-03
238.60000   7.267613e-03
238.70000   7.268327e-03
238.80000   7.269040e-03
238.90000   7.269753e-03
239.00000   7.270466e-03
239.10000   7.271180e-03
239.20000   7.271893e-03
239.30000   7.272606e-03
239.40000   7.273319e-03
239.50000   7.274033e-03
239.60000   7.274746e-03
239.70000   7.275459e-03
239.80000   7.276172e-03
239.90000   7.276886e-03
240.00000   7.277599e-03
240.10000   7.278312e-03
240.20000   7.279025e-03
240.30000   7.279739e-03
240.40000   7.280452e-03
240.50000   7.281165e-03
240.60000   7.281878e-03
240.70000   7.282592e-03
240.80000   7.283305e-03
240.90000   7.284018e-03
241.00000   7.284731e-03
241.10000   7.285445e-03
241.20000   7.286158e-03
241.30000   7.286871e-03
241.40000   7.287584e-03
241.50000   7.288298e-03
241.60000   7.289011e-03
241.70000   7.289724e-03
241.80000   7.290437e-03
241.90000   7.291151e-03
242.00000   7.291864e-03
242.10000   7.292577e-03
242.20000   7.293290e-03
242.30000   7.294003e-03
242.40000   7.294717e-03
242.50000   7.295430e-03
242.60000   7.296143e-03
242.70000   7.296856e-03
242.80000   7.297570e-03
242.90000   7.298283e-03
243.00000   7.298996e-03
243.10000   7.299709e-03
243.20000   7.300423e-03
243.30000   7.301136e-03
243.40000   7.301849e-03
243.50000   7.302562e-03
243.60000   7.303276e-03
243.70000   7.303989e-03
243.80000   7.304702e-03
243.90000   7.305415e-03
244.00000   7.306128e-03
244.10000   7.306842e-03
244.20000   7.307555e-03
244.30000   7.308268e-03
244.40000   7.308981e-03
244.50000   7.309695e-03
244.60000   7.310408e-03
244.70000   7.311121e-03
244.80000   7.311834e-03
244.90000   7.312548e-03
245.00000   7.313261e-03
245.10000   7.313974e-03
245.20000   7.314687e-03
245.30000   7.315400e-03
245.40000   7.316114e-03
245.50000   7.316827e-03
245.60000   7.317540e-03
245.70000   7.318253e-03
245.80000   7.318967e-03
245.90000   7.319680e-03
246.00000   7.320393e-03
246.10000   7.321106e-03
246.20000   7.321819e-03
246.30000   7.322533e-03
246.40000   7.323246e-03
246.50000   7.323959e-03
246.60000   7.324672e-03
246.70000   7.325386e-03
246.80000   7.326099e-03
246.90000   7.326812e-03
247.00000   7.327525e-03
247.10000   7.328238e-03
247.20000   7.328952e-03
247.30000   7.329665e-03
247.40000   7.330378e-03
247.50000   7.331091e-03
247.60000   7.331804e-03
247.70000   7.332518e-03
247.80000   7.333231e-03
247.90000   7.333944e-03
248.00000   7.334657e-03
248.10000   7.335371e-03
248.20000   7.336084e-03
248.30000   7.336797e-03
248.40000   7.337510e-03
248.50000   7.338223e-03
248.60000   7.338937e-03
248.70000   7.339650e-03
248.80000   7.340363e-03
248.90000   7.341076e-03
249.00000   7.341789e-03
249.10000   7.342503e-03
249.20000   7.343216e-03
249.30000   7.343929e-03
249.40000   7.344642e-03
249.50000   7.345355e-03
249.60000   7.346069e-03
249.70000   7.346782e-03
249.80000   7.347495e-03
249.90000   7.348208e-03
250.00000   7.348921e-03
250.10000   7.349635e-03
250.20000   7.350348e-03
250.30000   7.351061e-03
250.40000   7.351774e-03
250.50000   7.352487e-03
250.60000   7.353201e-03
250.70000   7.353914e-03
250.80000   7.354627e-03
250.90000   7.355340e-03
251.00000   7.356053e-03
251.10000   7.356767e-03
251.20000   7.357480e-03
251.30000   7.358193e-03
251.40000   7.358906e-03
251.50000   7.359619e-03
251.60000   7.360333e-03
251.70000   7.361046e-03
251.80000   7.361759e-03
251.90000   7.362472e-03
252.00000   7.363185e-03
252.10000   7.363899e-03
252.20000   7.364612e-03
252.30000   7.365325e-03
252.40000   7.366038e-03
252.50000   7.366751e-03
252.60000   7.367464e-03
252.70000   7.368178e-03
252.80000   7.368891e-03
252.90000   7.369604e-03
253.00000   7.370317e-03
253.10000   7.371030e-03
253.20000   7.371744e-03
253.30000   7.372457e-03
253.40000   7.373170e-03
253.50000   7.373883e-03
253.60000   7.374596e-03
253.70000   7.375310e-03
253.80000   7.376023e-03
253.90000   7.376736e-03
254.00000   7.377449e-03
254.10000   7.378162e-03
254.20000   7.378875e-03
254.30000   7.379589e-03
254.40000   7.380302e-03
254.50000   7.381015e-03
254.60000   7.381728e-03
254.70000   7.382441e-03
254.80000   7.383154e-03
254.90000   7.383868e-03
255.00000   7.384581e-03
255.10000   7.385294e-03
255.20000   7.386007e-03
255.30000   7.386720e-03
255.40000   7.387434e-03
255.50000   7.388147e-03
255.60000   7.388860e-03
255.70000   7.389573e-03
255.80000   7.390286e-03
255.90000   7.390999e-03
256.00000   7.391713e-03
256.10000   7.392426e-03
256.20000   7.393139e-03
256.30000   7.393852e-03
256.40000   7.394565e-03
256.50000   7.395278e-03
256.60000   7.395992e-03
256.70000   7.396705e-03
256.80000   7.397418e-03
256.90000   7.398131e-03
257.00000   7.398844e-03
257.10000   7.399557e-03
257.20000   7.400271e-03
257.30000   7.400984e-03
257.40000   7.401697e-03
257.50000   7.402410e-03
257.60000   7.403123e-03
257.70000   7.403836e-03
257.80000   7.404550e-03
257.90000   7.405263e-03
258.00000   7.405976e-03
258.10000   7.406689e-03
258.20000   7.407402e-03
258.30000   7.408115e-03
258.40000   7.408828e-03
258.50000   7.409542e-03
258.60000   7.410255e-03
258.70000   7.410968e-03
258.80000   7.411681e-03
258.90000   7.412394e-03
259.00000   7.413107e-03
259.10000   7.413821e-03
259.20000   7.414534e-03
259.30000   7.415247e-03
259.40000   7.415960e-03
259.50000   7.416673e-03
259.60000   7.417386e-03
259.70000   7.418099e-03
259.80000   7.418813e-03
259.90000   7.419526e-03
260.00000   7.420239e-03
