 61.23201   2.819677e-03
 62.76281   2.819677e-03
 64.29361   2.819677e-03
 65.82441   2.819677e-03
 67.35521   2.819677e-03
 68.88601   2.819677e-03
 70.41681   2.819677e-03
 71.94761   2.819677e-03
 73.47841   2.819677e-03
 75.00921   2.819677e-03
 76.54001   2.819677e-03
 78.07081   2.819677e-03
 79.60161   2.819677e-03
 81.13241   2.819677e-03
 82.66321   2.819677e-03
 84.19401   2.819677e-03
 85.72481   2.819677e-03
 87.25561   2.819677e-03
 88.78641   2.819677e-03
 90.31721   2.819677e-03
 91.84801   2.819677e-03
 93.37882   2.819677e-03
 94.90962   2.819677e-03
 96.44042   2.819677e-03
 97.97122   2.819677e-03
 99.50202   2.819677e-03
101.03282   2.819677e-03
102.56362   2.819677e-03
104.09442   2.819677e-03
105.62522   2.819677e-03
107.15602   2.819677e-03
108.68682   2.819677e-03
110.21762   2.819677e-03
111.74842   2.819677e-03
113.27922   2.819677e-03
114.81002   2.819677e-03
116.34082   2.819677e-03
117.87162   2.819677e-03
119.40242   2.846441e-03
120.93322   2.876404e-03
122.46402   2.906366e-03
123.99482   2.936327e-03
125.52562   2.966286e-03
127.05642   2.996245e-03
128.58722   3.026204e-03
130.11802   3.056161e-03
131.64882   3.086117e-03
133.17962   3.116073e-03
134.71042   3.146027e-03
136.24122   3.175981e-03
137.77202   3.205933e-03
139.30282   3.235885e-03
140.83362   3.265836e-03
142.36442   3.295786e-03
143.89522   3.325735e-03
145.42602   3.355683e-03
146.95682   3.385631e-03
148.48762   3.415577e-03
150.01842   3.445523e-03
151.54922   3.591267e-03
153.08002   3.738980e-03
154.61083   3.886672e-03
156.14163   4.034342e-03
157.67243   4.181989e-03
159.20323   4.329615e-03
160.73403   4.477219e-03
162.26483   4.624801e-03
163.79563   4.793578e-03
165.32643   4.984032e-03
166.85729   5.174458e-03
168.38809   5.364839e-03
169.91889   5.555185e-03
171.44969   5.745493e-03
172.98049   5.935766e-03
174.51129   5.961634e-03
176.04209   5.971200e-03
177.57289   5.980766e-03
179.10369   5.990332e-03
180.63449   5.999898e-03
182.16529   6.009464e-03
183.69609   6.019030e-03
185.22689   6.028596e-03
186.75769   6.038161e-03
188.28849   6.047727e-03
189.81929   6.057292e-03
191.35009   6.066858e-03
192.88089   6.076423e-03
194.41169   6.085988e-03
195.94249   6.095553e-03
197.47329   6.105118e-03
199.00409   6.114683e-03
200.53489   6.124248e-03
202.06569   6.133813e-03
203.59649   6.143377e-03
205.12729   6.152942e-03
206.65809   6.162506e-03
208.18889   6.172071e-03
209.71969   6.181635e-03
211.25049   6.191199e-03
212.78129   6.200763e-03
214.31209   6.210327e-03
215.84290   6.219891e-03
217.37370   6.229455e-03
218.90450   6.239018e-03
220.43530   6.248582e-03
221.96610   6.258145e-03
223.49690   6.267709e-03
225.02770   6.277272e-03
226.55850   6.286835e-03
228.08930   6.296399e-03
229.62010   6.305962e-03
231.15090   6.315525e-03
232.68170   6.325087e-03
234.21250   6.334650e-03
235.74330   6.344213e-03
237.27410   6.353775e-03
238.80490   6.363338e-03
240.33570   6.372900e-03
241.86650   6.382463e-03
243.39730   6.392025e-03
244.92810   6.401587e-03
246.45890   6.411149e-03
247.98970   6.420711e-03
249.52050   6.430273e-03
251.05130   6.439835e-03
252.58210   6.449396e-03
254.11290   6.458958e-03
255.64370   6.468519e-03
257.17450   6.478081e-03
258.70530   6.487642e-03
260.23610   6.497203e-03
261.76690   6.506764e-03
263.29770   6.516325e-03
264.82850   6.525886e-03
266.35930   6.535447e-03
267.89010   6.545008e-03
269.42090   6.554569e-03
270.95170   6.564129e-03
272.48250   6.573690e-03
274.01330   6.652318e-03
275.54410   6.824569e-03
277.07491   6.996791e-03
278.60571   7.168982e-03
280.13651   7.341143e-03
281.66731   7.513274e-03
283.19811   7.685376e-03
284.72891   7.857447e-03
286.25971   8.029489e-03
287.79051   8.201501e-03
289.32131   8.373483e-03
290.85211   8.545435e-03
292.38291   8.717358e-03
293.91371   8.889251e-03
295.44451   9.061113e-03
296.97531   9.086536e-03
298.50611   9.086536e-03
300.03691   9.086536e-03
301.56771   9.086536e-03
303.09851   9.086536e-03
304.62931   9.086536e-03
306.16011   9.086536e-03
307.69091   9.086536e-03
309.22171   9.086536e-03
310.75251   9.086536e-03
312.28331   9.086536e-03
313.81411   9.086536e-03
315.34491   9.086536e-03
316.87571   9.086536e-03
318.40651   9.086536e-03
319.93731   9.086536e-03
321.46811   9.086536e-03
322.99891   9.086536e-03
324.52971   9.086536e-03
326.06051   9.086536e-03
327.59131   9.086536e-03
329.12211   9.086536e-03
330.65291   9.086536e-03
332.18371   9.086536e-03
333.71451   9.086536e-03
335.24531   9.086536e-03
336.77611   9.086536e-03
338.30691   9.086536e-03
339.83772   9.086536e-03
341.36852   9.086536e-03
342.89932   9.086536e-03
344.43012   9.086536e-03
345.96092   9.086536e-03
347.49172   9.086536e-03
349.02252   9.086536e-03
350.55332   9.214387e-03
352.08412   9.349268e-03
353.61492   9.484132e-03
355.14572   9.618976e-03
356.67652   9.753803e-03
358.20732   9.888611e-03
359.73812   1.002340e-02
361.26892   1.015817e-02
362.79972   1.029293e-02
364.33052   1.042766e-02
365.86132   1.056238e-02
367.39212   1.069707e-02
368.92292   1.083175e-02
370.45372   1.096642e-02
371.98452   1.110106e-02
373.51532   1.123568e-02
375.04612   1.137029e-02
376.57692   1.150488e-02
378.10772   1.160335e-02
379.63852   1.163108e-02
381.16932   1.165880e-02
382.70012   1.168652e-02
384.23092   1.171424e-02
385.76172   1.174197e-02
387.29252   1.176969e-02
388.82332   1.179741e-02
390.35412   1.182512e-02
391.88492   1.185284e-02
393.41572   1.188056e-02
394.94652   1.190828e-02
396.47732   1.193599e-02
398.00812   1.196371e-02
399.53892   1.199142e-02
401.06973   1.201913e-02
402.60053   1.204685e-02
404.13133   1.207456e-02
405.66213   1.210227e-02
407.19293   1.212998e-02
408.72373   1.215769e-02
410.25453   1.218540e-02
411.78533   1.221311e-02
413.31613   1.230997e-02
414.84693   1.243165e-02
416.37773   1.255332e-02
417.90853   1.267498e-02
419.43933   1.279661e-02
420.97013   1.291824e-02
422.50093   1.303985e-02
424.03173   1.316144e-02
425.56253   1.328302e-02
427.09333   1.340458e-02
428.62413   1.352613e-02
430.15493   1.364767e-02
431.68573   1.376919e-02
433.21653   1.389069e-02
434.74733   1.401218e-02
436.27813   1.413365e-02
437.80893   1.425511e-02
439.33973   1.437656e-02
440.87053   1.449799e-02
442.40133   1.461940e-02
443.93213   1.473158e-02
445.46293   1.476397e-02
446.99373   1.479637e-02
448.52453   1.482876e-02
450.05533   1.486115e-02
451.58613   1.489354e-02
453.11693   1.492593e-02
454.64773   1.495832e-02
456.17853   1.499071e-02
457.70933   1.502310e-02
459.24013   1.505548e-02
460.77093   1.508786e-02
462.30174   1.512025e-02
463.83254   1.515263e-02
465.36334   1.518501e-02
466.89414   1.521739e-02
468.42494   1.524977e-02
469.95574   1.528215e-02
471.48654   1.531452e-02
473.01734   1.534690e-02
474.54814   1.546281e-02
476.07894   1.560542e-02
477.60974   1.574801e-02
479.14054   1.589057e-02
480.67134   1.603312e-02
482.20214   1.617564e-02
483.73294   1.631815e-02
485.26374   1.646063e-02
486.79454   1.660309e-02
488.32534   1.674554e-02
489.85614   1.688796e-02
491.38694   1.703036e-02
492.91774   1.717274e-02
494.44854   1.731510e-02
495.97934   1.745744e-02
497.51014   1.759976e-02
499.04094   1.774205e-02
500.57174   1.786283e-02
502.10254   1.786283e-02
503.63334   1.786283e-02
505.16414   1.786283e-02
506.69494   1.786283e-02
508.22574   1.786283e-02
509.75654   1.786283e-02
511.28734   1.786283e-02
512.81814   1.786283e-02
514.34894   1.786283e-02
515.87974   1.786283e-02
517.41054   1.786283e-02
518.94134   1.786283e-02
520.47214   1.786283e-02
522.00294   1.786283e-02
523.53375   1.786283e-02
525.06455   1.786283e-02
526.59535   1.786283e-02
528.12615   1.786283e-02
529.65695   1.786283e-02
531.18775   1.786283e-02
532.71855   1.802692e-02
534.24935   1.820064e-02
535.78015   1.837434e-02
537.31095   1.854800e-02
538.84175   1.872163e-02
540.37255   1.889524e-02
541.90335   1.906881e-02
543.43415   1.924235e-02
544.96495   1.941586e-02
546.49575   1.958934e-02
548.02655   1.976279e-02
549.55735   1.993620e-02
551.08815   2.010959e-02
552.61895   2.028295e-02
554.14975   2.045627e-02
555.68055   2.062957e-02
557.21135   2.080283e-02
558.74215   2.097607e-02
560.27295   2.099796e-02
561.80375   2.099796e-02
563.33455   2.099796e-02
564.86535   2.099796e-02
566.39615   2.099796e-02
567.92695   2.099796e-02
569.45775   2.099796e-02
570.98855   2.099796e-02
572.51935   2.099796e-02
574.05015   2.099796e-02
575.58095   2.099796e-02
577.11175   2.099796e-02
578.64255   2.099796e-02
580.17335   2.099796e-02
581.70415   2.099796e-02
583.23495   2.099796e-02
584.76576   2.099796e-02
586.29656   2.099796e-02
587.82736   2.099796e-02
589.35816   2.111193e-02
590.88896   2.124415e-02
592.41976   2.137634e-02
593.95056   2.150851e-02
595.48136   2.164067e-02
597.01216   2.177281e-02
598.54296   2.190493e-02
600.07376   2.203704e-02
