 61.27440   3.439791e-02
 62.80626   6.400558e-02
 64.33812   5.919328e-02
 65.86998   1.633101e-02
 67.40184  -6.612450e-04
 68.93370   3.504653e-02
 70.46556   5.940432e-02
 71.99742   7.005214e-02
 73.52928   6.893998e-02
 75.06114   3.218784e-02
 76.59300   5.645728e-03
 78.12486   2.185364e-02
 79.65672   3.587157e-02
 81.18858   4.402953e-02
 82.72044   3.714751e-02
 84.25230   2.809551e-02
 85.78416   3.974354e-02
 87.31602   5.829159e-02
 88.84788   5.264967e-02
 90.37974   2.966776e-02
 91.91160   9.065882e-03
 93.44346   1.197403e-02
 94.97532   2.806219e-02
 96.50718   2.128038e-02
 98.03904   1.608860e-02
 99.57090   1.415683e-02
101.10276   1.204509e-02
102.63462   1.999338e-02
104.16648   6.521682e-03
105.69834  -9.169989e-03
107.23020  -9.116361e-04
108.76206   1.376740e-03
110.29392   1.395139e-03
111.82578   1.411356e-02
113.35764   3.455201e-02
114.88950   2.065048e-02
116.42136  -3.991031e-03
117.95322  -5.102516e-03
119.48508   1.592602e-02
121.01694   2.874458e-02
122.54880   1.626317e-02
124.08066   4.717778e-04
125.61252   4.510409e-03
127.14438   1.240906e-02
128.67624   4.627742e-03
130.20810   1.756443e-03
131.73996   7.015167e-03
133.27182   1.230391e-02
134.80368   1.398269e-02
136.33554   1.356148e-02
137.86740   1.378030e-02
139.39926   4.509136e-03
140.93112  -2.592001e-03
142.46298   9.126886e-03
143.99484   2.004580e-02
145.52670   1.669473e-02
147.05856   6.853684e-03
148.59042   2.162663e-03
150.12228   1.093167e-02
151.65414   1.817069e-02
153.18600   1.746974e-02
154.71786   1.411881e-02
156.24972   7.747905e-03
157.78158   1.107702e-02
159.31344   2.456616e-02
160.84530   2.639533e-02
162.37716   1.660452e-02
163.90902   9.323726e-03
165.44088   1.548296e-02
166.97274   2.366222e-02
168.50460   2.658150e-02
170.03646   3.033080e-02
171.56832   2.499012e-02
173.10018   1.451947e-02
174.63204   1.768885e-02
176.16390   3.482824e-02
177.69576   3.949766e-02
179.22762   2.380710e-02
180.75948   1.202656e-02
182.29134   2.768605e-02
183.82320   5.284556e-02
185.35506   5.828510e-02
186.88692   3.612465e-02
188.41878   1.325423e-02
189.95064   2.290384e-02
191.48250   4.241346e-02
193.01436   5.066311e-02
194.54622   5.204278e-02
196.07808   4.329248e-02
197.60994   2.803219e-02
199.14180   2.843194e-02
200.67366   4.693170e-02
202.20552   6.014149e-02
203.73738   4.613130e-02
205.26924   2.074113e-02
206.80110   2.662099e-02
208.33296   6.424087e-02
209.86482   8.476077e-02
211.39668   6.597069e-02
212.92854   2.948064e-02
214.46040   1.801061e-02
215.99226   4.376061e-02
217.52412   7.569062e-02
219.05598   8.101066e-02
220.58784   5.723073e-02
222.11970   3.102081e-02
223.65156   3.247092e-02
225.18342   5.861105e-02
226.71528   8.203121e-02
228.24714   7.341139e-02
229.77900   3.969159e-02
231.31086   2.212181e-02
232.84272   4.535206e-02
234.37458   8.496233e-02
235.90644   9.409262e-02
237.43830   6.585294e-02
238.97016   3.314327e-02
240.50202   3.012364e-02
242.03388   6.126402e-02
243.56574   9.150443e-02
245.09760   8.368486e-02
246.62946   4.564531e-02
248.16132   2.490579e-02
249.69318   4.963629e-02
251.22504   8.659681e-02
252.75690   9.286735e-02
254.28876   6.742792e-02
255.82062   3.146851e-02
257.35248   2.457913e-02
258.88434   5.859976e-02
260.41620   9.533042e-02
261.94806   9.119110e-02
263.47992   4.981181e-02
265.01178   1.992254e-02
266.54364   3.921329e-02
268.07550   7.975406e-02
269.60736   9.022486e-02
271.13922   6.513568e-02
272.67108   3.685652e-02
274.20294   3.532739e-02
275.73480   5.789827e-02
277.26666   7.872918e-02
278.79852   7.836012e-02
280.33038   5.194107e-02
281.86224   2.292205e-02
283.39410   3.158306e-02
284.92596   7.175408e-02
286.45782   8.901513e-02
287.98968   6.342620e-02
289.52154   2.595729e-02
291.05340   2.183841e-02
292.58526   5.144955e-02
294.11712   7.382071e-02
295.64898   7.035190e-02
297.18084   4.618311e-02
298.71270   2.661434e-02
300.24456   3.119559e-02
301.77642   5.234687e-02
303.30828   6.448816e-02
304.84014   5.176949e-02
306.37200   3.098083e-02
307.90386   2.472220e-02
309.43572   3.967359e-02
310.96758   5.672500e-02
312.49944   5.612644e-02
314.03130   3.874789e-02
315.56316   2.395938e-02
317.09502   2.669088e-02
318.62688   4.196241e-02
320.15874   5.279396e-02
321.69060   4.724553e-02
323.22246   3.200712e-02
324.75432   2.275874e-02
326.28618   2.964038e-02
327.81804   4.239204e-02
329.34990   4.426373e-02
330.88176   3.443544e-02
332.41362   2.755717e-02
333.94548   2.820892e-02
335.47734   2.986070e-02
337.00920   2.959250e-02
338.54106   2.992432e-02
340.07292   3.397617e-02
341.60478   3.729803e-02
343.13664   3.586993e-02
344.66850   3.014184e-02
346.20036   2.271377e-02
347.73222   1.937573e-02
349.26408   2.218771e-02
350.79594   2.812972e-02
352.32780   2.980174e-02
353.85966   2.743379e-02
355.39152   2.621586e-02
356.92338   2.856796e-02
358.45524   3.080008e-02
359.98710   2.614222e-02
361.51896   1.816438e-02
363.05082   1.589656e-02
364.58268   2.435877e-02
366.11454   3.732100e-02
367.64640   4.249326e-02
369.17826   3.429553e-02
370.71012   2.014783e-02
372.24198   1.491015e-02
373.77384   2.487249e-02
375.30570   3.832486e-02
376.83756   3.992725e-02
378.36942   2.931966e-02
379.90128   2.184209e-02
381.43314   2.777455e-02
382.96500   4.068703e-02
384.49686   4.629953e-02
386.02872   3.653206e-02
387.56058   2.115460e-02
389.09244   1.832717e-02
390.62430   2.981977e-02
392.15616   4.118238e-02
393.68802   3.976502e-02
395.21988   2.760768e-02
396.75174   2.104036e-02
398.28360   2.898307e-02
399.81546   4.411580e-02
401.34732   4.789855e-02
402.87918   3.370132e-02
404.41104   2.051411e-02
405.94290   2.293693e-02
407.47476   3.556977e-02
409.00662   4.806264e-02
410.53848   4.845552e-02
412.07034   3.668843e-02
413.60220   2.839136e-02
415.13406   3.245432e-02
416.66592   4.268729e-02
418.19778   4.810029e-02
419.72964   4.046331e-02
421.26150   3.127635e-02
422.79336   3.633942e-02
424.32522   4.833251e-02
425.85708   5.248562e-02
427.38894   4.538875e-02
428.92080   3.628191e-02
430.45266   3.723509e-02
431.98452   4.699829e-02
433.51638   5.213151e-02
435.04824   5.212476e-02
436.58010   4.851803e-02
438.11196   4.386132e-02
439.64382   4.680463e-02
441.17568   5.390797e-02
442.70754   5.629133e-02
444.23940   5.297471e-02
445.77126   4.805811e-02
447.30312   5.241154e-02
448.83498   6.392499e-02
450.36684   6.362846e-02
451.89870   5.184195e-02
453.43056   4.410547e-02
454.96242   4.912900e-02
456.49428   6.199257e-02
458.02614   6.780615e-02
459.55800   5.822975e-02
461.08986   4.403338e-02
462.62172   4.251703e-02
464.15358   5.659071e-02
465.68544   7.063440e-02
467.21730   6.831812e-02
468.74916   5.279186e-02
470.28102   4.285562e-02
471.81288   5.173941e-02
473.34474   7.094321e-02
474.87660   7.751704e-02
476.40846   6.267090e-02
477.94032   4.388477e-02
479.47218   4.294867e-02
481.00404   6.095259e-02
482.53590   7.647653e-02
484.06776   7.206049e-02
485.59962   5.350448e-02
487.13148   4.376849e-02
488.66334   5.783252e-02
490.19520   7.815657e-02
491.72706   7.954065e-02
493.25892   6.010475e-02
494.79078   3.853887e-02
496.32264   4.061301e-02
497.85450   6.722718e-02
499.38636   9.029136e-02
500.91822   8.620558e-02
502.45008   5.755981e-02
503.98194   3.627406e-02
505.51380   5.100834e-02
507.04566   8.184264e-02
508.57752   9.062696e-02
510.10938   7.214131e-02
511.64124   4.933567e-02
513.17310   5.115006e-02
514.70496   7.633447e-02
516.23682   9.316891e-02
517.76868   8.161336e-02
519.30054   5.353784e-02
520.83240   4.189234e-02
522.36426   6.153686e-02
523.89612   9.184141e-02
525.42798   1.004960e-01
526.95984   7.891056e-02
528.49170   5.444518e-02
530.02356   5.592981e-02
531.55542   8.029447e-02
533.08728   9.912914e-02
534.61914   9.045385e-02
536.15100   6.607857e-02
537.68286   5.712331e-02
539.21472   7.604808e-02
540.74658   1.034529e-01
542.27844   1.112577e-01
543.81030   9.371252e-02
545.34216   7.709738e-02
546.87402   8.701225e-02
548.40588   1.181372e-01
549.93774   1.441321e-01
551.46960   1.538170e-01
553.00146   1.639020e-01
554.53332   1.926070e-01
556.06518   2.315120e-01
557.59704   2.493970e-01
559.12890   2.307621e-01
560.66076   1.843972e-01
562.19262   1.432623e-01
563.72448   1.300174e-01
565.25634   1.377525e-01
566.78820   1.370677e-01
568.32006   1.134529e-01
569.85192   8.730811e-02
571.38378   8.585334e-02
572.91564   1.046386e-01
574.44750   1.170739e-01
575.97936   1.050592e-01
577.51122   8.072450e-02
579.04308   7.532985e-02
580.57494   9.458521e-02
582.10680   1.147806e-01
583.63866   1.136160e-01
585.17052   9.090145e-02
586.70238   7.261691e-02
588.23424   8.086238e-02
589.76610   1.067579e-01
591.29796   1.213334e-01
592.82982   1.070490e-01
594.36168   8.038452e-02
595.89354   7.446011e-02
597.42540   9.929572e-02
598.95726   1.248314e-01
600.48912   1.208470e-01
602.02098   9.292268e-02
603.55284   7.460838e-02
605.08470   8.995411e-02
606.61656   1.219198e-01
608.14842   1.334356e-01
609.68028   1.113414e-01
611.21214   8.137721e-02
612.74400   8.010305e-02
614.27586   1.111189e-01
615.80772   1.383048e-01
617.33958   1.318907e-01
618.87144   9.997660e-02
620.40330   7.988254e-02
621.93516   9.759850e-02
623.46702   1.335145e-01
624.99888   1.460205e-01
626.53074   1.204765e-01
628.06260   8.479258e-02
629.59446   8.199866e-02
631.12632   1.167348e-01
