 50.00000   4.029426e-01
 50.10000   4.006244e-01
 50.20000   3.980612e-01
 50.30000   3.952532e-01
 50.40000   3.922004e-01
 50.50000   3.889032e-01
 50.60000   3.853616e-01
 50.70000   3.815760e-01
 50.80000   3.775468e-01
 50.90000   3.732743e-01
 51.00000   3.687593e-01
 51.10000   3.640025e-01
 51.20000   3.590050e-01
 51.30000   3.537679e-01
 51.40000   3.482928e-01
 51.50000   3.425816e-01
 51.60000   3.366364e-01
 51.70000   3.304598e-01
 51.80000   3.240550e-01
 51.90000   3.174255e-01
 52.00000   3.105753e-01
 52.10000   3.035092e-01
 52.20000   2.962326e-01
 52.30000   2.887515e-01
 52.40000   2.810728e-01
 52.50000   2.732041e-01
 52.60000   2.651539e-01
 52.70000   2.569316e-01
 52.80000   2.485476e-01
 52.90000   2.400133e-01
 53.00000   2.313411e-01
 53.10000   2.225446e-01
 53.20000   2.136384e-01
 53.30000   2.046383e-01
 53.40000   1.955612e-01
 53.50000   1.864253e-01
 53.60000   1.772497e-01
 53.70000   1.680548e-01
 53.80000   1.588621e-01
 53.90000   1.496941e-01
 54.00000   1.405744e-01
 54.10000   1.315273e-01
 54.20000   1.225781e-01
 54.30000   1.137526e-01
 54.40000   1.050775e-01
 54.50000   9.657958e-02
 54.60000   8.828604e-02
 54.70000   8.022413e-02
 54.80000   7.242099e-02
 54.90000   6.490345e-02
 55.00000   5.769781e-02
 55.10000   5.082962e-02
 55.20000   4.432346e-02
 55.30000   3.820273e-02
 55.40000   3.248942e-02
 55.50000   2.720390e-02
 55.60000   2.236473e-02
 55.70000   1.798846e-02
 55.80000   1.408948e-02
 55.90000   1.067989e-02
 56.00000   7.769318e-03
 56.10000   5.364902e-03
 56.20000   3.471178e-03
 56.30000   2.090061e-03
 56.40000   1.220839e-03
 56.50000   8.601934e-04
 56.60000   1.002260e-03
 56.70000   1.638708e-03
 56.80000   2.758849e-03
 56.90000   4.349771e-03
 57.00000   6.396490e-03
 57.10000   8.882124e-03
 57.20000   1.178807e-02
 57.30000   1.509422e-02
 57.40000   1.877914e-02
 57.50000   2.282030e-02
 57.60000   2.719424e-02
 57.70000   3.187685e-02
 57.80000   3.684349e-02
 57.90000   4.206924e-02
 58.00000   4.752904e-02
 58.10000   5.319789e-02
 58.20000   5.905101e-02
 58.30000   6.506393e-02
 58.40000   7.121270e-02
 58.50000   7.747393e-02
 58.60000   8.382493e-02
 58.70000   9.024378e-02
 58.80000   9.670939e-02
 58.90000   1.032016e-01
 59.00000   1.097011e-01
 59.10000   1.161896e-01
 59.20000   1.226499e-01
 59.30000   1.290655e-01
 59.40000   1.354213e-01
 59.50000   1.417027e-01
 59.60000   1.478965e-01
 59.70000   1.539902e-01
 59.80000   1.599724e-01
 59.90000   1.658322e-01
 60.00000   1.715600e-01
 60.10000   1.771469e-01
 60.20000   1.825846e-01
 60.30000   1.878656e-01
 60.40000   1.929833e-01
 60.50000   1.979315e-01
 60.60000   2.027047e-01
 60.70000   2.072981e-01
 60.80000   2.117074e-01
 60.90000   2.159285e-01
 61.00000   2.199583e-01
 61.10000   2.237936e-01
 61.20000   2.274320e-01
 61.30000   2.308713e-01
 61.40000   2.341095e-01
 61.50000   2.371452e-01
 61.60000   2.399771e-01
 61.70000   2.426041e-01
 61.80000   2.450256e-01
 61.90000   2.472410e-01
 62.00000   2.492499e-01
 62.10000   2.510522e-01
 62.20000   2.526478e-01
 62.30000   2.540370e-01
 62.40000   2.552200e-01
 62.50000   2.561972e-01
 62.60000   2.569692e-01
 62.70000   2.575368e-01
 62.80000   2.579005e-01
 62.90000   2.580615e-01
 63.00000   2.580205e-01
 63.10000   2.577788e-01
 63.20000   2.573375e-01
 63.30000   2.566980e-01
 63.40000   2.558616e-01
 63.50000   2.548298e-01
 63.60000   2.536042e-01
 63.70000   2.521866e-01
 63.80000   2.505789e-01
 63.90000   2.487829e-01
 64.00000   2.468009e-01
 64.10000   2.446350e-01
 64.20000   2.422878e-01
 64.30000   2.397617e-01
 64.40000   2.370595e-01
 64.50000   2.341842e-01
 64.60000   2.311388e-01
 64.70000   2.279267e-01
 64.80000   2.245515e-01
 64.90000   2.210169e-01
 65.00000   2.173269e-01
 65.10000   2.134858e-01
 65.20000   2.094982e-01
 65.30000   2.053689e-01
 65.40000   2.011030e-01
 65.50000   1.967059e-01
 65.60000   1.921833e-01
 65.70000   1.875413e-01
 65.80000   1.827863e-01
 65.90000   1.779250e-01
 66.00000   1.729644e-01
 66.10000   1.679119e-01
 66.20000   1.627753e-01
 66.30000   1.575628e-01
 66.40000   1.522826e-01
 66.50000   1.469437e-01
 66.60000   1.415552e-01
 66.70000   1.361264e-01
 66.80000   1.306672e-01
 66.90000   1.251876e-01
 67.00000   1.196979e-01
 67.10000   1.142088e-01
 67.20000   1.087310e-01
 67.30000   1.032757e-01
 67.40000   9.785383e-02
 67.50000   9.247690e-02
 67.60000   8.715629e-02
 67.70000   8.190345e-02
 67.80000   7.672989e-02
 67.90000   7.164704e-02
 68.00000   6.666626e-02
 68.10000   6.179878e-02
 68.20000   5.705564e-02
 68.30000   5.244762e-02
 68.40000   4.798522e-02
 68.50000   4.367858e-02
 68.60000   3.953744e-02
 68.70000   3.557109e-02
 68.80000   3.178829e-02
 68.90000   2.819725e-02
 69.00000   2.480560e-02
 69.10000   2.162028e-02
 69.20000   1.864758e-02
 69.30000   1.589303e-02
 69.40000   1.336145e-02
 69.50000   1.105684e-02
 69.60000   8.982418e-03
 69.70000   7.140582e-03
 69.80000   5.532903e-03
 69.90000   4.160122e-03
 70.00000   3.022151e-03
 70.10000   2.118080e-03
 70.20000   1.446190e-03
 70.30000   1.003974e-03
 70.40000   7.881560e-04
 70.50000   7.947216e-04
 70.60000   1.018951e-03
 70.70000   1.455452e-03
 70.80000   2.098207e-03
 70.90000   2.940606e-03
 71.00000   3.975503e-03
 71.10000   5.195253e-03
 71.20000   6.591770e-03
 71.30000   8.156571e-03
 71.40000   9.880827e-03
 71.50000   1.175542e-02
 71.60000   1.377097e-02
 71.70000   1.591794e-02
 71.80000   1.818659e-02
 71.90000   2.056713e-02
 72.00000   2.304969e-02
 72.10000   2.562438e-02
 72.20000   2.828135e-02
 72.30000   3.101080e-02
 72.40000   3.380303e-02
 72.50000   3.664849e-02
 72.60000   3.953775e-02
 72.70000   4.246160e-02
 72.80000   4.541102e-02
 72.90000   4.837723e-02
 73.00000   5.135170e-02
 73.10000   5.432616e-02
 73.20000   5.729262e-02
 73.30000   6.024338e-02
 73.40000   6.317104e-02
 73.50000   6.606850e-02
 73.60000   6.892898e-02
 73.70000   7.174600e-02
 73.80000   7.451342e-02
 73.90000   7.722537e-02
 74.00000   7.987635e-02
 74.10000   8.246114e-02
 74.20000   8.497482e-02
 74.30000   8.741280e-02
 74.40000   8.977078e-02
 74.50000   9.204474e-02
 74.60000   9.423097e-02
 74.70000   9.632603e-02
 74.80000   9.832675e-02
 74.90000   1.002302e-01
 75.00000   1.020339e-01
 75.10000   1.037352e-01
 75.20000   1.053322e-01
 75.30000   1.068229e-01
 75.40000   1.082056e-01
 75.50000   1.094790e-01
 75.60000   1.106417e-01
 75.70000   1.116928e-01
 75.80000   1.126315e-01
 75.90000   1.134571e-01
 76.00000   1.141693e-01
 76.10000   1.147677e-01
 76.20000   1.152525e-01
 76.30000   1.156237e-01
 76.40000   1.158816e-01
 76.50000   1.160267e-01
 76.60000   1.160597e-01
 76.70000   1.159813e-01
 76.80000   1.157926e-01
 76.90000   1.154946e-01
 77.00000   1.150886e-01
 77.10000   1.145761e-01
 77.20000   1.139586e-01
 77.30000   1.132379e-01
 77.40000   1.124158e-01
 77.50000   1.114942e-01
 77.60000   1.104754e-01
 77.70000   1.093617e-01
 77.80000   1.081553e-01
 77.90000   1.068589e-01
 78.00000   1.054751e-01
 78.10000   1.040068e-01
 78.20000   1.024568e-01
 78.30000   1.008281e-01
 78.40000   9.912400e-02
 78.50000   9.734770e-02
 78.60000   9.550260e-02
 78.70000   9.359218e-02
 78.80000   9.162006e-02
 78.90000   8.958992e-02
 79.00000   8.750557e-02
 79.10000   8.537089e-02
 79.20000   8.318984e-02
 79.30000   8.096649e-02
 79.40000   7.870494e-02
 79.50000   7.640939e-02
 79.60000   7.408409e-02
 79.70000   7.173333e-02
 79.80000   6.936146e-02
 79.90000   6.697284e-02
 80.00000   6.457188e-02
 80.10000   6.216300e-02
 80.20000   5.975061e-02
 80.30000   5.733914e-02
 80.40000   5.493299e-02
 80.50000   5.253653e-02
 80.60000   5.015412e-02
 80.70000   4.779004e-02
 80.80000   4.544854e-02
 80.90000   4.313377e-02
 81.00000   4.084983e-02
 81.10000   3.860071e-02
 81.20000   3.639029e-02
 81.30000   3.422235e-02
 81.40000   3.210054e-02
 81.50000   3.002836e-02
 81.60000   2.800918e-02
 81.70000   2.604620e-02
 81.80000   2.414246e-02
 81.90000   2.230083e-02
 82.00000   2.052397e-02
 82.10000   1.881439e-02
 82.20000   1.717436e-02
 82.30000   1.560598e-02
 82.40000   1.411112e-02
 82.50000   1.269143e-02
 82.60000   1.134837e-02
 82.70000   1.008315e-02
 82.80000   8.896766e-03
 82.90000   7.790001e-03
 83.00000   6.763404e-03
 83.10000   5.817303e-03
 83.20000   4.951807e-03
 83.30000   4.166805e-03
 83.40000   3.461972e-03
 83.50000   2.836772e-03
 83.60000   2.290464e-03
 83.70000   1.822109e-03
 83.80000   1.430573e-03
 83.90000   1.114539e-03
 84.00000   8.725106e-04
 84.10000   7.028232e-04
 84.20000   6.036522e-04
 84.30000   5.730217e-04
 84.40000   6.088152e-04
 84.50000   7.087851e-04
 84.60000   8.705630e-04
 84.70000   1.091670e-03
 84.80000   1.369529e-03
 84.90000   1.701471e-03
 85.00000   2.084751e-03
 85.10000   2.516556e-03
 85.20000   2.994015e-03
 85.30000   3.514211e-03
 85.40000   4.074190e-03
 85.50000   4.670970e-03
 85.60000   5.301554e-03
 85.70000   5.962937e-03
 85.80000   6.652115e-03
 85.90000   7.366095e-03
 86.00000   8.101901e-03
 86.10000   8.856585e-03
 86.20000   9.627233e-03
 86.30000   1.041097e-02
 86.40000   1.120498e-02
 86.50000   1.200648e-02
 86.60000   1.281276e-02
 86.70000   1.362119e-02
 86.80000   1.442918e-02
 86.90000   1.523424e-02
 87.00000   1.603395e-02
 87.10000   1.682596e-02
 87.20000   1.760804e-02
 87.30000   1.837802e-02
 87.40000   1.913384e-02
 87.50000   1.987351e-02
 87.60000   2.059516e-02
 87.70000   2.129702e-02
 87.80000   2.197741e-02
 87.90000   2.263473e-02
 88.00000   2.326752e-02
 88.10000   2.387440e-02
 88.20000   2.445409e-02
 88.30000   2.500542e-02
 88.40000   2.552731e-02
 88.50000   2.601880e-02
 88.60000   2.647900e-02
 88.70000   2.690716e-02
 88.80000   2.730259e-02
 88.90000   2.766471e-02
 89.00000   2.799305e-02
 89.10000   2.828722e-02
 89.20000   2.854691e-02
 89.30000   2.877193e-02
 89.40000   2.896216e-02
 89.50000   2.911757e-02
 89.60000   2.923821e-02
 89.70000   2.932421e-02
 89.80000   2.937581e-02
 89.90000   2.939329e-02
 90.00000   2.937702e-02
 90.10000   2.932744e-02
 90.20000   2.924507e-02
 90.30000   2.913048e-02
 90.40000   2.898433e-02
 90.50000   2.880731e-02
 90.60000   2.860019e-02
 90.70000   2.836379e-02
 90.80000   2.809898e-02
 90.90000   2.780669e-02
 91.00000   2.748788e-02
 91.10000   2.714357e-02
 91.20000   2.677481e-02
 91.30000   2.638269e-02
 91.40000   2.596834e-02
 91.50000   2.553291e-02
 91.60000   2.507758e-02
 91.70000   2.460355e-02
 91.80000   2.411206e-02
 91.90000   2.360435e-02
 92.00000   2.308168e-02
 92.10000   2.254531e-02
 92.20000   2.199652e-02
 92.30000   2.143660e-02
 92.40000   2.086683e-02
 92.50000   2.028848e-02
 92.60000   1.970283e-02
 92.70000   1.911114e-02
 92.80000   1.851468e-02
 92.90000   1.791467e-02
 93.00000   1.731235e-02
 93.10000   1.670891e-02
 93.20000   1.610553e-02
 93.30000   1.550337e-02
 93.40000   1.490355e-02
 93.50000   1.430717e-02
 93.60000   1.371528e-02
 93.70000   1.312892e-02
 93.80000   1.254907e-02
 93.90000   1.197669e-02
 94.00000   1.141267e-02
 94.10000   1.085789e-02
 94.20000   1.031317e-02
 94.30000   9.779278e-03
 94.40000   9.256953e-03
 94.50000   8.746873e-03
 94.60000   8.249671e-03
 94.70000   7.765930e-03
 94.80000   7.296185e-03
 94.90000   6.840918e-03
 95.00000   6.400562e-03
 95.10000   5.975501e-03
 95.20000   5.566065e-03
 95.30000   5.172537e-03
 95.40000   4.795148e-03
 95.50000   4.434082e-03
 95.60000   4.089473e-03
 95.70000   3.761408e-03
 95.80000   3.449926e-03
 95.90000   3.155023e-03
 96.00000   2.876650e-03
 96.10000   2.614713e-03
 96.20000   2.369080e-03
 96.30000   2.139576e-03
 96.40000   1.925990e-03
 96.50000   1.728074e-03
 96.60000   1.545545e-03
 96.70000   1.378088e-03
 96.80000   1.225356e-03
 96.90000   1.086973e-03
 97.00000   9.625398e-04
 97.10000   8.516283e-04
 97.20000   7.537897e-04
 97.30000   6.685547e-04
 97.40000   5.954354e-04
 97.50000   5.339277e-04
 97.60000   4.835135e-04
 97.70000   4.436626e-04
 97.80000   4.138347e-04
 97.90000   3.934818e-04
 98.00000   3.820498e-04
 98.10000   3.789807e-04
 98.20000   3.837145e-04
 98.30000   3.956911e-04
 98.40000   4.143517e-04
 98.50000   4.391412e-04
 98.60000   4.695094e-04
 98.70000   5.049127e-04
 98.80000   5.448158e-04
 98.90000   5.886929e-04
 99.00000   6.360292e-04
 99.10000   6.863223e-04
 99.20000   7.390832e-04
 99.30000   7.938375e-04
 99.40000   8.501266e-04
 99.50000   9.075084e-04
 99.60000   9.655581e-04
 99.70000   1.023870e-03
 99.80000   1.082055e-03
 99.90000   1.139747e-03
100.00000   1.196597e-03
100.10000   1.252279e-03
100.20000   1.306485e-03
100.30000   1.358930e-03
100.40000   1.409350e-03
100.50000   1.457503e-03
100.60000   1.503166e-03
100.70000   1.546141e-03
100.80000   1.586248e-03
100.90000   1.623329e-03
101.00000   1.657249e-03
101.10000   1.687890e-03
101.20000   1.715156e-03
101.30000   1.738972e-03
101.40000   1.759279e-03
101.50000   1.776040e-03
101.60000   1.789233e-03
101.70000   1.798855e-03
101.80000   1.804921e-03
101.90000   1.807460e-03
102.00000   1.806516e-03
102.10000   1.802150e-03
102.20000   1.794435e-03
102.30000   1.783456e-03
102.40000   1.769312e-03
102.50000   1.752111e-03
102.60000   1.731974e-03
102.70000   1.709029e-03
102.80000   1.683413e-03
102.90000   1.655271e-03
103.00000   1.624754e-03
103.10000   1.592021e-03
103.20000   1.557231e-03
103.30000   1.520553e-03
103.40000   1.482154e-03
103.50000   1.442206e-03
103.60000   1.400881e-03
103.70000   1.358352e-03
103.80000   1.314794e-03
103.90000   1.270376e-03
104.00000   1.225270e-03
104.10000   1.179643e-03
104.20000   1.133660e-03
104.30000   1.087482e-03
104.40000   1.041264e-03
104.50000   9.951587e-04
104.60000   9.493115e-04
104.70000   9.038626e-04
104.80000   8.589454e-04
104.90000   8.146868e-04
105.00000   7.712062e-04
105.10000   7.286159e-04
105.20000   6.870200e-04
105.30000   6.465150e-04
105.40000   6.071891e-04
105.50000   5.691222e-04
105.60000   5.323857e-04
105.70000   4.970427e-04
105.80000   4.631480e-04
105.90000   4.307477e-04
106.00000   3.998797e-04
106.10000   3.705738e-04
106.20000   3.428516e-04
106.30000   3.167268e-04
106.40000   2.922057e-04
106.50000   2.692869e-04
106.60000   2.479623e-04
106.70000   2.282166e-04
106.80000   2.100285e-04
106.90000   1.933703e-04
107.00000   1.782089e-04
107.10000   1.645059e-04
107.20000   1.522179e-04
107.30000   1.412976e-04
107.40000   1.316933e-04
107.50000   1.233503e-04
107.60000   1.162107e-04
107.70000   1.102143e-04
107.80000   1.052987e-04
107.90000   1.014005e-04
108.00000   9.845489e-05
108.10000   9.639674e-05
108.20000   9.516092e-05
108.30000   9.468274e-05
108.40000   9.489841e-05
108.50000   9.574555e-05
108.60000   9.716353e-05
108.70000   9.909396e-05
108.80000   1.014811e-04
108.90000   1.042720e-04
109.00000   1.074174e-04
109.10000   1.108713e-04
109.20000   1.145920e-04
109.30000   1.185419e-04
109.40000   1.226878e-04
109.50000   1.270014e-04
109.60000   1.314593e-04
109.70000   1.360430e-04
109.80000   1.407393e-04
109.90000   1.455403e-04
110.00000   1.504434e-04
110.10000   1.554516e-04
110.20000   1.605731e-04
110.30000   1.658214e-04
110.40000   1.712155e-04
110.50000   1.767796e-04
110.60000   1.825428e-04
110.70000   1.885394e-04
110.80000   1.948082e-04
110.90000   2.013928e-04
111.00000   2.083407e-04
111.10000   2.157039e-04
111.20000   2.235378e-04
111.30000   2.319013e-04
111.40000   2.408563e-04
111.50000   2.504677e-04
111.60000   2.608025e-04
111.70000   2.719295e-04
111.80000   2.839193e-04
111.90000   2.968435e-04
112.00000   3.107741e-04
112.10000   3.257837e-04
112.20000   3.419443e-04
112.30000   3.593274e-04
112.40000   3.780030e-04
112.50000   3.980397e-04
112.60000   4.195038e-04
112.70000   4.424590e-04
112.80000   4.669659e-04
112.90000   4.930816e-04
113.00000   5.208590e-04
113.10000   5.503469e-04
113.20000   5.815890e-04
113.30000   6.146236e-04
113.40000   6.494837e-04
113.50000   6.861960e-04
113.60000   7.247807e-04
113.70000   7.652517e-04
113.80000   8.076153e-04
113.90000   8.518710e-04
114.00000   8.980103e-04
114.10000   9.460174e-04
114.20000   9.958680e-04
114.30000   1.047530e-03
114.40000   1.100963e-03
114.50000   1.156118e-03
114.60000   1.212939e-03
114.70000   1.271358e-03
114.80000   1.331303e-03
114.90000   1.392691e-03
115.00000   1.455431e-03
115.10000   1.519425e-03
115.20000   1.584565e-03
115.30000   1.650737e-03
115.40000   1.717818e-03
115.50000   1.785680e-03
115.60000   1.854184e-03
115.70000   1.923190e-03
115.80000   1.992546e-03
115.90000   2.062097e-03
116.00000   2.131684e-03
116.10000   2.201138e-03
116.20000   2.270292e-03
116.30000   2.338969e-03
116.40000   2.406993e-03
116.50000   2.474182e-03
116.60000   2.540354e-03
116.70000   2.605324e-03
116.80000   2.668906e-03
116.90000   2.730915e-03
117.00000   2.791164e-03
117.10000   2.849469e-03
117.20000   2.905646e-03
117.30000   2.959513e-03
117.40000   3.010893e-03
117.50000   3.059612e-03
117.60000   3.105498e-03
117.70000   3.148387e-03
117.80000   3.188118e-03
117.90000   3.224539e-03
118.00000   3.257503e-03
118.10000   3.286872e-03
118.20000   3.312515e-03
118.30000   3.334310e-03
118.40000   3.352145e-03
118.50000   3.365918e-03
118.60000   3.375537e-03
118.70000   3.380922e-03
118.80000   3.382004e-03
118.90000   3.378726e-03
119.00000   3.371044e-03
119.10000   3.358925e-03
119.20000   3.342352e-03
119.30000   3.321318e-03
119.40000   3.295834e-03
119.50000   3.265923e-03
119.60000   3.231620e-03
119.70000   3.192977e-03
119.80000   3.150061e-03
119.90000   3.102952e-03
120.00000   3.051745e-03
120.10000   2.996549e-03
120.20000   2.937488e-03
120.30000   2.874700e-03
120.40000   2.808339e-03
120.50000   2.738570e-03
120.60000   2.665572e-03
120.70000   2.589541e-03
120.80000   2.510680e-03
120.90000   2.429210e-03
121.00000   2.345361e-03
121.10000   2.259375e-03
121.20000   2.171506e-03
121.30000   2.082016e-03
121.40000   1.991181e-03
121.50000   1.899282e-03
121.60000   1.806609e-03
121.70000   1.713462e-03
121.80000   1.620146e-03
121.90000   1.526970e-03
122.00000   1.434252e-03
122.10000   1.342312e-03
122.20000   1.251473e-03
122.30000   1.162061e-03
122.40000   1.074402e-03
122.50000   9.888239e-04
122.60000   9.056534e-04
122.70000   8.252150e-04
122.80000   7.478306e-04
122.90000   6.738182e-04
123.00000   6.034911e-04
123.10000   5.371565e-04
123.20000   4.751146e-04
123.30000   4.176576e-04
123.40000   3.650687e-04
123.50000   3.176210e-04
123.60000   2.755765e-04
123.70000   2.391850e-04
123.80000   2.086836e-04
123.90000   1.842954e-04
124.00000   1.662285e-04
124.10000   1.546755e-04
124.20000   1.498126e-04
124.30000   1.517986e-04
124.40000   1.607744e-04
124.50000   1.768622e-04
124.60000   2.001650e-04
124.70000   2.307659e-04
124.80000   2.687276e-04
124.90000   3.140921e-04
125.00000   3.668801e-04
125.10000   4.270909e-04
125.20000   4.947017e-04
125.30000   5.696679e-04
125.40000   6.519229e-04
125.50000   7.413777e-04
125.60000   8.379211e-04
125.70000   9.414200e-04
125.80000   1.051719e-03
125.90000   1.168642e-03
126.00000   1.291989e-03
126.10000   1.421542e-03
126.20000   1.557061e-03
126.30000   1.698286e-03
126.40000   1.844936e-03
126.50000   1.996713e-03
126.60000   2.153301e-03
126.70000   2.314365e-03
126.80000   2.479553e-03
126.90000   2.648500e-03
127.00000   2.820824e-03
127.10000   2.996129e-03
127.20000   3.174007e-03
127.30000   3.354039e-03
127.40000   3.535794e-03
127.50000   3.718831e-03
127.60000   3.902703e-03
127.70000   4.086956e-03
127.80000   4.271127e-03
127.90000   4.454752e-03
128.00000   4.637362e-03
128.10000   4.818488e-03
128.20000   4.997659e-03
128.30000   5.174405e-03
128.40000   5.348259e-03
128.50000   5.518756e-03
128.60000   5.685440e-03
128.70000   5.847856e-03
128.80000   6.005561e-03
128.90000   6.158119e-03
129.00000   6.305105e-03
129.10000   6.446104e-03
129.20000   6.580716e-03
129.30000   6.708556e-03
129.40000   6.829250e-03
129.50000   6.942445e-03
129.60000   7.047804e-03
129.70000   7.145008e-03
129.80000   7.233759e-03
129.90000   7.313780e-03
130.00000   7.384813e-03
130.10000   7.446628e-03
130.20000   7.499013e-03
130.30000   7.541783e-03
130.40000   7.574778e-03
130.50000   7.597864e-03
130.60000   7.610932e-03
130.70000   7.613901e-03
130.80000   7.606718e-03
130.90000   7.589354e-03
131.00000   7.561814e-03
131.10000   7.524125e-03
131.20000   7.476348e-03
131.30000   7.418569e-03
131.40000   7.350903e-03
131.50000   7.273496e-03
131.60000   7.186520e-03
131.70000   7.090175e-03
131.80000   6.984692e-03
131.90000   6.870325e-03
132.00000   6.747360e-03
132.10000   6.616106e-03
132.20000   6.476899e-03
132.30000   6.330101e-03
132.40000   6.176098e-03
132.50000   6.015299e-03
132.60000   5.848138e-03
132.70000   5.675069e-03
132.80000   5.496565e-03
132.90000   5.313123e-03
133.00000   5.125255e-03
133.10000   4.933490e-03
133.20000   4.738376e-03
133.30000   4.540471e-03
133.40000   4.340348e-03
133.50000   4.138592e-03
133.60000   3.935797e-03
133.70000   3.732564e-03
133.80000   3.529502e-03
133.90000   3.327225e-03
134.00000   3.126348e-03
134.10000   2.927488e-03
134.20000   2.731263e-03
134.30000   2.538286e-03
134.40000   2.349168e-03
134.50000   2.164512e-03
134.60000   1.984913e-03
134.70000   1.810958e-03
134.80000   1.643220e-03
134.90000   1.482259e-03
135.00000   1.328621e-03
135.10000   1.182833e-03
135.20000   1.045404e-03
135.30000   9.168205e-04
135.40000   7.975492e-04
135.50000   6.880311e-04
135.60000   5.886817e-04
135.70000   4.998898e-04
135.80000   4.220152e-04
135.90000   3.553880e-04
136.00000   3.003069e-04
136.10000   2.570383e-04
136.20000   2.258151e-04
136.30000   2.068356e-04
136.40000   2.002627e-04
136.50000   2.062231e-04
136.60000   2.248066e-04
136.70000   2.560655e-04
136.80000   3.000141e-04
136.90000   3.566287e-04
137.00000   4.258470e-04
137.10000   5.075679e-04
137.20000   6.016523e-04
137.30000   7.079223e-04
137.40000   8.261622e-04
137.50000   9.561184e-04
137.60000   1.097500e-03
137.70000   1.249981e-03
137.80000   1.413198e-03
137.90000   1.586754e-03
138.00000   1.770216e-03
138.10000   1.963122e-03
138.20000   2.164977e-03
138.30000   2.375254e-03
138.40000   2.593399e-03
138.50000   2.818833e-03
138.60000   3.050948e-03
138.70000   3.289114e-03
138.80000   3.532679e-03
138.90000   3.780970e-03
139.00000   4.033298e-03
139.10000   4.288956e-03
139.20000   4.547224e-03
139.30000   4.807368e-03
139.40000   5.068648e-03
139.50000   5.330313e-03
139.60000   5.591607e-03
139.70000   5.851773e-03
139.80000   6.110051e-03
139.90000   6.365683e-03
140.00000   6.617916e-03
140.10000   6.865999e-03
140.20000   7.109194e-03
140.30000   7.346771e-03
140.40000   7.578011e-03
140.50000   7.802213e-03
140.60000   8.018691e-03
140.70000   8.226779e-03
140.80000   8.425831e-03
140.90000   8.615225e-03
141.00000   8.794364e-03
141.10000   8.962679e-03
141.20000   9.119627e-03
141.30000   9.264698e-03
141.40000   9.397415e-03
141.50000   9.517333e-03
141.60000   9.624043e-03
141.70000   9.717174e-03
141.80000   9.796392e-03
141.90000   9.861404e-03
142.00000   9.911957e-03
142.10000   9.947840e-03
142.20000   9.968884e-03
142.30000   9.974967e-03
142.40000   9.966006e-03
142.50000   9.941969e-03
142.60000   9.902866e-03
142.70000   9.848754e-03
142.80000   9.779737e-03
142.90000   9.695966e-03
143.00000   9.597638e-03
143.10000   9.484996e-03
143.20000   9.358331e-03
143.30000   9.217981e-03
143.40000   9.064327e-03
143.50000   8.897797e-03
143.60000   8.718863e-03
143.70000   8.528043e-03
143.80000   8.325894e-03
143.90000   8.113017e-03
144.00000   7.890054e-03
144.10000   7.657685e-03
144.20000   7.416629e-03
144.30000   7.167639e-03
144.40000   6.911504e-03
144.50000   6.649046e-03
144.60000   6.381116e-03
144.70000   6.108595e-03
144.80000   5.832390e-03
144.90000   5.553430e-03
145.00000   5.272668e-03
145.10000   4.991076e-03
145.20000   4.709639e-03
145.30000   4.429360e-03
145.40000   4.151249e-03
145.50000   3.876327e-03
145.60000   3.605617e-03
145.70000   3.340145e-03
145.80000   3.080936e-03
145.90000   2.829010e-03
146.00000   2.585380e-03
146.10000   2.351046e-03
146.20000   2.126996e-03
146.30000   1.914199e-03
146.40000   1.713605e-03
146.50000   1.526138e-03
146.60000   1.352695e-03
146.70000   1.194143e-03
146.80000   1.051317e-03
146.90000   9.250114e-04
147.00000   8.159842e-04
147.10000   7.249493e-04
147.20000   6.525753e-04
147.30000   5.994827e-04
147.40000   5.662408e-04
147.50000   5.533660e-04
147.60000   5.613187e-04
147.70000   5.905018e-04
147.80000   6.412582e-04
147.90000   7.138692e-04
148.00000   8.085528e-04
148.10000   9.254625e-04
148.20000   1.064686e-03
148.30000   1.226243e-03
148.40000   1.410086e-03
148.50000   1.616101e-03
148.60000   1.844101e-03
148.70000   2.093835e-03
148.80000   2.364979e-03
148.90000   2.657144e-03
149.00000   2.969870e-03
149.10000   3.302632e-03
149.20000   3.654838e-03
149.30000   4.025832e-03
149.40000   4.414892e-03
149.50000   4.821237e-03
149.60000   5.244026e-03
149.70000   5.682357e-03
149.80000   6.135277e-03
149.90000   6.601776e-03
150.00000   7.080796e-03
150.10000   7.571231e-03
150.20000   8.071928e-03
150.30000   8.581697e-03
150.40000   9.099305e-03
150.50000   9.623486e-03
150.60000   1.015294e-02
150.70000   1.068635e-02
150.80000   1.122237e-02
150.90000   1.175961e-02
151.00000   1.229670e-02
151.10000   1.283224e-02
151.20000   1.336482e-02
151.30000   1.389302e-02
151.40000   1.441544e-02
151.50000   1.493066e-02
151.60000   1.543728e-02
151.70000   1.593391e-02
151.80000   1.641918e-02
151.90000   1.689171e-02
152.00000   1.735018e-02
152.10000   1.779329e-02
152.20000   1.821974e-02
152.30000   1.862830e-02
152.40000   1.901777e-02
152.50000   1.938696e-02
152.60000   1.973478e-02
152.70000   2.006014e-02
152.80000   2.036202e-02
152.90000   2.063946e-02
153.00000   2.089155e-02
153.10000   2.111745e-02
153.20000   2.131636e-02
153.30000   2.148758e-02
153.40000   2.163045e-02
153.50000   2.174440e-02
153.60000   2.182893e-02
153.70000   2.188361e-02
153.80000   2.190809e-02
153.90000   2.190211e-02
154.00000   2.186548e-02
154.10000   2.179810e-02
154.20000   2.169996e-02
154.30000   2.157112e-02
154.40000   2.141175e-02
154.50000   2.122209e-02
154.60000   2.100248e-02
154.70000   2.075336e-02
154.80000   2.047522e-02
154.90000   2.016870e-02
155.00000   1.983449e-02
155.10000   1.947338e-02
155.20000   1.908626e-02
155.30000   1.867410e-02
155.40000   1.823797e-02
155.50000   1.777901e-02
155.60000   1.729847e-02
155.70000   1.679766e-02
155.80000   1.627801e-02
155.90000   1.574099e-02
156.00000   1.518818e-02
156.10000   1.462122e-02
156.20000   1.404183e-02
156.30000   1.345180e-02
156.40000   1.285299e-02
156.50000   1.224732e-02
156.60000   1.163677e-02
156.70000   1.102337e-02
156.80000   1.040921e-02
156.90000   9.796416e-03
157.00000   9.187161e-03
157.10000   8.583649e-03
157.20000   7.988113e-03
157.30000   7.402810e-03
157.40000   6.830013e-03
157.50000   6.272005e-03
157.60000   5.731073e-03
157.70000   5.209500e-03
157.80000   4.709557e-03
157.90000   4.233501e-03
158.00000   3.783561e-03
158.10000   3.361933e-03
158.20000   2.970775e-03
158.30000   2.612197e-03
158.40000   2.288252e-03
158.50000   2.000931e-03
158.60000   1.752156e-03
158.70000   1.543770e-03
158.80000   1.377532e-03
158.90000   1.255106e-03
159.00000   1.178061e-03
159.10000   1.147856e-03
159.20000   1.165842e-03
159.30000   1.233249e-03
159.40000   1.351183e-03
159.50000   1.520620e-03
159.60000   1.742402e-03
159.70000   2.017232e-03
159.80000   2.345670e-03
159.90000   2.728126e-03
160.00000   3.164864e-03
160.10000   3.655992e-03
160.20000   4.201465e-03
160.30000   4.801079e-03
160.40000   5.454475e-03
160.50000   6.161136e-03
160.60000   6.920387e-03
160.70000   7.731395e-03
160.80000   8.593173e-03
160.90000   9.504580e-03
161.00000   1.046432e-02
161.10000   1.147096e-02
161.20000   1.252292e-02
161.30000   1.361846e-02
161.40000   1.475572e-02
161.50000   1.593272e-02
161.60000   1.714733e-02
161.70000   1.839732e-02
161.80000   1.968034e-02
161.90000   2.099393e-02
162.00000   2.233553e-02
162.10000   2.370248e-02
162.20000   2.509205e-02
162.30000   2.650143e-02
162.40000   2.792772e-02
162.50000   2.936798e-02
162.60000   3.081920e-02
162.70000   3.227833e-02
162.80000   3.374226e-02
162.90000   3.520789e-02
163.00000   3.667206e-02
163.10000   3.813161e-02
163.20000   3.958337e-02
163.30000   4.102416e-02
163.40000   4.245082e-02
163.50000   4.386020e-02
163.60000   4.524917e-02
163.70000   4.661463e-02
163.80000   4.795351e-02
163.90000   4.926279e-02
164.00000   5.053950e-02
164.10000   5.178071e-02
164.20000   5.298357e-02
164.30000   5.414529e-02
164.40000   5.526313e-02
164.50000   5.633447e-02
164.60000   5.735673e-02
164.70000   5.832745e-02
164.80000   5.924425e-02
164.90000   6.010484e-02
165.00000   6.090705e-02
165.10000   6.164879e-02
165.20000   6.232811e-02
165.30000   6.294315e-02
165.40000   6.349219e-02
165.50000   6.397361e-02
165.60000   6.438594e-02
165.70000   6.472783e-02
165.80000   6.499806e-02
165.90000   6.519554e-02
166.00000   6.531934e-02
166.10000   6.536867e-02
166.20000   6.534289e-02
166.30000   6.524149e-02
166.40000   6.506413e-02
166.50000   6.481065e-02
166.60000   6.448102e-02
166.70000   6.407538e-02
166.80000   6.359405e-02
166.90000   6.303753e-02
167.00000   6.240646e-02
167.10000   6.170169e-02
167.20000   6.092424e-02
167.30000   6.007531e-02
167.40000   5.915629e-02
167.50000   5.816875e-02
167.60000   5.711448e-02
167.70000   5.599542e-02
167.80000   5.481374e-02
167.90000   5.357178e-02
168.00000   5.227209e-02
168.10000   5.091743e-02
168.20000   4.951073e-02
168.30000   4.805514e-02
168.40000   4.655399e-02
168.50000   4.501081e-02
168.60000   4.342934e-02
168.70000   4.181349e-02
168.80000   4.016735e-02
168.90000   3.849522e-02
169.00000   3.680155e-02
169.10000   3.509098e-02
169.20000   3.336829e-02
169.30000   3.163844e-02
169.40000   2.990651e-02
169.50000   2.817775e-02
169.60000   2.645749e-02
169.70000   2.475122e-02
169.80000   2.306448e-02
169.90000   2.140294e-02
170.00000   1.977229e-02
170.10000   1.817831e-02
170.20000   1.662680e-02
170.30000   1.512357e-02
170.40000   1.367443e-02
170.50000   1.228515e-02
170.60000   1.096149e-02
170.70000   9.709106e-03
170.80000   8.533574e-03
170.90000   7.440358e-03
171.00000   6.434787e-03
171.10000   5.522026e-03
171.20000   4.707061e-03
171.30000   3.994669e-03
171.40000   3.389400e-03
171.50000   2.895552e-03
171.60000   2.517154e-03
171.70000   2.257937e-03
171.80000   2.121324e-03
171.90000   2.110405e-03
172.00000   2.227923e-03
172.10000   2.476258e-03
172.20000   2.857409e-03
172.30000   3.372990e-03
172.40000   4.024211e-03
172.50000   4.811876e-03
172.60000   5.736371e-03
172.70000   6.797664e-03
172.80000   7.995303e-03
172.90000   9.328410e-03
173.00000   1.079569e-02
173.10000   1.239543e-02
173.20000   1.412551e-02
173.30000   1.598341e-02
173.40000   1.796622e-02
173.50000   2.007063e-02
173.60000   2.229299e-02
173.70000   2.462930e-02
173.80000   2.707522e-02
173.90000   2.962607e-02
174.00000   3.227692e-02
174.10000   3.502254e-02
174.20000   3.785743e-02
174.30000   4.077590e-02
174.40000   4.377201e-02
174.50000   4.683965e-02
174.60000   4.997254e-02
174.70000   5.316427e-02
174.80000   5.640830e-02
174.90000   5.969800e-02
175.00000   6.302665e-02
175.10000   6.638750e-02
175.20000   6.977375e-02
175.30000   7.317860e-02
175.40000   7.659524e-02
175.50000   8.001691e-02
175.60000   8.343686e-02
175.70000   8.684842e-02
175.80000   9.024500e-02
175.90000   9.362007e-02
176.00000   9.696723e-02
176.10000   1.002802e-01
176.20000   1.035527e-01
176.30000   1.067788e-01
176.40000   1.099525e-01
176.50000   1.130682e-01
176.60000   1.161201e-01
176.70000   1.191028e-01
176.80000   1.220111e-01
176.90000   1.248398e-01
177.00000   1.275840e-01
177.10000   1.302389e-01
177.20000   1.327999e-01
177.30000   1.352626e-01
177.40000   1.376227e-01
177.50000   1.398762e-01
177.60000   1.420192e-01
177.70000   1.440479e-01
177.80000   1.459587e-01
177.90000   1.477485e-01
178.00000   1.494138e-01
178.10000   1.509517e-01
178.20000   1.523593e-01
178.30000   1.536339e-01
178.40000   1.547730e-01
178.50000   1.557743e-01
178.60000   1.566355e-01
178.70000   1.573546e-01
178.80000   1.579298e-01
178.90000   1.583594e-01
179.00000   1.586419e-01
179.10000   1.587760e-01
179.20000   1.587604e-01
179.30000   1.585943e-01
179.40000   1.582767e-01
179.50000   1.578072e-01
179.60000   1.571853e-01
179.70000   1.564107e-01
179.80000   1.554836e-01
179.90000   1.544040e-01
180.00000   1.531725e-01
180.10000   1.517896e-01
180.20000   1.502564e-01
180.30000   1.485739e-01
180.40000   1.467436e-01
180.50000   1.447671e-01
180.60000   1.426466e-01
180.70000   1.403841e-01
180.80000   1.379824e-01
180.90000   1.354444e-01
181.00000   1.327734e-01
181.10000   1.299729e-01
181.20000   1.270470e-01
181.30000   1.240000e-01
181.40000   1.208368e-01
181.50000   1.175626e-01
181.60000   1.141829e-01
181.70000   1.107039e-01
181.80000   1.071320e-01
181.90000   1.034743e-01
182.00000   9.973815e-02
182.10000   9.593152e-02
182.20000   9.206281e-02
182.30000   8.814090e-02
182.40000   8.417515e-02
182.50000   8.017540e-02
182.60000   7.615197e-02
182.70000   7.211561e-02
182.80000   6.807755e-02
182.90000   6.404940e-02
183.00000   6.004322e-02
183.10000   5.607139e-02
183.20000   5.214666e-02
183.30000   4.828208e-02
183.40000   4.449092e-02
183.50000   4.078670e-02
183.60000   3.718307e-02
183.70000   3.369379e-02
183.80000   3.033262e-02
183.90000   2.711333e-02
184.00000   2.404956e-02
184.10000   2.115478e-02
184.20000   1.844220e-02
184.30000   1.592469e-02
184.40000   1.361474e-02
184.50000   1.152432e-02
184.60000   9.664832e-03
184.70000   8.047035e-03
184.80000   6.680963e-03
184.90000   5.575852e-03
185.00000   4.740071e-03
185.10000   4.181062e-03
185.20000   3.905282e-03
185.30000   3.918149e-03
185.40000   4.224003e-03
185.50000   4.826066e-03
185.60000   5.726422e-03
185.70000   6.925990e-03
185.80000   8.424524e-03
185.90000   1.022061e-02
186.00000   1.231166e-02
186.10000   1.469396e-02
186.20000   1.736269e-02
186.30000   2.031192e-02
186.40000   2.353471e-02
186.50000   2.702312e-02
186.60000   3.076828e-02
186.70000   3.476048e-02
186.80000   3.898916e-02
186.90000   4.344308e-02
187.00000   4.811032e-02
187.10000   5.297839e-02
187.20000   5.803428e-02
187.30000   6.326460e-02
187.40000   6.865557e-02
187.50000   7.419319e-02
187.60000   7.986322e-02
187.70000   8.565134e-02
187.80000   9.154317e-02
187.90000   9.752435e-02
188.00000   1.035806e-01
188.10000   1.096977e-01
188.20000   1.158619e-01
188.30000   1.220592e-01
188.40000   1.282765e-01
188.50000   1.345004e-01
188.60000   1.407183e-01
188.70000   1.469179e-01
188.80000   1.530872e-01
188.90000   1.592146e-01
189.00000   1.652892e-01
189.10000   1.713002e-01
189.20000   1.772376e-01
189.30000   1.830918e-01
189.40000   1.888534e-01
189.50000   1.945138e-01
189.60000   2.000646e-01
189.70000   2.054981e-01
189.80000   2.108069e-01
189.90000   2.159840e-01
190.00000   2.210229e-01
190.10000   2.259175e-01
190.20000   2.306620e-01
190.30000   2.352509e-01
190.40000   2.396794e-01
190.50000   2.439426e-01
190.60000   2.480362e-01
190.70000   2.519561e-01
190.80000   2.556984e-01
190.90000   2.592596e-01
191.00000   2.626363e-01
191.10000   2.658254e-01
191.20000   2.688240e-01
191.30000   2.716295e-01
191.40000   2.742391e-01
191.50000   2.766505e-01
191.60000   2.788615e-01
191.70000   2.808699e-01
191.80000   2.826737e-01
191.90000   2.842710e-01
192.00000   2.856600e-01
192.10000   2.868389e-01
192.20000   2.878062e-01
192.30000   2.885602e-01
192.40000   2.890994e-01
192.50000   2.894225e-01
192.60000   2.895280e-01
192.70000   2.894146e-01
192.80000   2.890811e-01
192.90000   2.885263e-01
193.00000   2.877491e-01
193.10000   2.867485e-01
193.20000   2.855234e-01
193.30000   2.840731e-01
193.40000   2.823967e-01
193.50000   2.804937e-01
193.60000   2.783635e-01
193.70000   2.760058e-01
193.80000   2.734203e-01
193.90000   2.706071e-01
194.00000   2.675663e-01
194.10000   2.642984e-01
194.20000   2.608042e-01
194.30000   2.570845e-01
194.40000   2.531409e-01
194.50000   2.489750e-01
194.60000   2.445889e-01
194.70000   2.399853e-01
194.80000   2.351672e-01
194.90000   2.301383e-01
195.00000   2.249027e-01
195.10000   2.194655e-01
195.20000   2.138322e-01
195.30000   2.080091e-01
195.40000   2.020033e-01
195.50000   1.958230e-01
195.60000   1.894769e-01
195.70000   1.829751e-01
195.80000   1.763285e-01
195.90000   1.695491e-01
196.00000   1.626500e-01
196.10000   1.556456e-01
196.20000   1.485513e-01
196.30000   1.413839e-01
196.40000   1.341614e-01
196.50000   1.269029e-01
196.60000   1.196289e-01
196.70000   1.123612e-01
196.80000   1.051225e-01
196.90000   9.793678e-02
197.00000   9.082923e-02
197.10000   8.382582e-02
197.20000   7.695348e-02
197.30000   7.023983e-02
197.40000   6.371314e-02
197.50000   5.740205e-02
197.60000   5.133548e-02
197.70000   4.554238e-02
197.80000   4.005148e-02
197.90000   3.489115e-02
198.00000   3.008906e-02
198.10000   2.567197e-02
198.20000   2.166551e-02
198.30000   1.809387e-02
198.40000   1.497957e-02
198.50000   1.234327e-02
198.60000   1.020347e-02
198.70000   8.576363e-03
198.80000   7.475648e-03
198.90000   6.912352e-03
199.00000   6.894721e-03
199.10000   7.428129e-03
199.20000   8.515013e-03
199.30000   1.015485e-02
199.40000   1.234418e-02
199.50000   1.507664e-02
199.60000   1.834303e-02
199.70000   2.213147e-02
199.80000   2.642749e-02
199.90000   3.121423e-02
200.00000   3.647260e-02
200.10000   4.218152e-02
200.20000   4.831811e-02
200.30000   5.485793e-02
200.40000   6.177524e-02
200.50000   6.904319e-02
200.60000   7.663411e-02
200.70000   8.451973e-02
200.80000   9.267138e-02
200.90000   1.010602e-01
201.00000   1.096575e-01
201.10000   1.184347e-01
201.20000   1.273635e-01
201.30000   1.364165e-01
201.40000   1.455668e-01
201.50000   1.547883e-01
201.60000   1.640558e-01
201.70000   1.733454e-01
201.80000   1.826339e-01
201.90000   1.918995e-01
202.00000   2.011216e-01
202.10000   2.102806e-01
202.20000   2.193584e-01
202.30000   2.283379e-01
202.40000   2.372032e-01
202.50000   2.459399e-01
202.60000   2.545345e-01
202.70000   2.629746e-01
202.80000   2.712490e-01
202.90000   2.793476e-01
203.00000   2.872611e-01
203.10000   2.949814e-01
203.20000   3.025009e-01
203.30000   3.098133e-01
203.40000   3.169127e-01
203.50000   3.237941e-01
203.60000   3.304531e-01
203.70000   3.368858e-01
203.80000   3.430891e-01
203.90000   3.490601e-01
204.00000   3.547966e-01
204.10000   3.602967e-01
204.20000   3.655588e-01
204.30000   3.705816e-01
204.40000   3.753641e-01
204.50000   3.799056e-01
204.60000   3.842054e-01
204.70000   3.882632e-01
204.80000   3.920786e-01
204.90000   3.956515e-01
205.00000   3.989816e-01
205.10000   4.020688e-01
205.20000   4.049131e-01
205.30000   4.075143e-01
205.40000   4.098723e-01
205.50000   4.119869e-01
205.60000   4.138578e-01
205.70000   4.154848e-01
205.80000   4.168674e-01
205.90000   4.180051e-01
206.00000   4.188973e-01
206.10000   4.195432e-01
206.20000   4.199420e-01
206.30000   4.200927e-01
206.40000   4.199941e-01
206.50000   4.196450e-01
206.60000   4.190440e-01
206.70000   4.181894e-01
206.80000   4.170796e-01
206.90000   4.157127e-01
207.00000   4.140869e-01
207.10000   4.122000e-01
207.20000   4.100498e-01
207.30000   4.076341e-01
207.40000   4.049505e-01
207.50000   4.019965e-01
207.60000   3.987696e-01
207.70000   3.952674e-01
207.80000   3.914873e-01
207.90000   3.874269e-01
208.00000   3.830837e-01
208.10000   3.784555e-01
208.20000   3.735402e-01
208.30000   3.683357e-01
208.40000   3.628405e-01
208.50000   3.570531e-01
208.60000   3.509727e-01
208.70000   3.445988e-01
208.80000   3.379313e-01
208.90000   3.309711e-01
209.00000   3.237195e-01
209.10000   3.161789e-01
209.20000   3.083524e-01
209.30000   3.002444e-01
209.40000   2.918604e-01
209.50000   2.832073e-01
209.60000   2.742933e-01
209.70000   2.651284e-01
209.80000   2.557244e-01
209.90000   2.460949e-01
210.00000   2.362556e-01
210.10000   2.262243e-01
210.20000   2.160214e-01
210.30000   2.056694e-01
210.40000   1.951938e-01
210.50000   1.846224e-01
210.60000   1.739859e-01
210.70000   1.633177e-01
210.80000   1.526540e-01
210.90000   1.420335e-01
211.00000   1.314978e-01
211.10000   1.210908e-01
211.20000   1.108586e-01
211.30000   1.008494e-01
211.40000   9.111300e-02
211.50000   8.170053e-02
211.60000   7.266393e-02
211.70000   6.405548e-02
211.80000   5.592723e-02
211.90000   4.833044e-02
212.00000   4.131493e-02
212.10000   3.492844e-02
212.20000   2.921599e-02
212.30000   2.421925e-02
212.40000   1.997591e-02
212.50000   1.651915e-02
212.60000   1.387709e-02
212.70000   1.207242e-02
212.80000   1.112200e-02
212.90000   1.103664e-02
213.00000   1.182096e-02
213.10000   1.347333e-02
213.20000   1.598594e-02
213.30000   1.934498e-02
213.40000   2.353090e-02
213.50000   2.851872e-02
213.60000   3.427852e-02
213.70000   4.077587e-02
213.80000   4.797238e-02
213.90000   5.582625e-02
214.00000   6.429287e-02
214.10000   7.332541e-02
214.20000   8.287536e-02
214.30000   9.289313e-02
214.40000   1.033286e-01
214.50000   1.141315e-01
214.60000   1.252521e-01
214.70000   1.366415e-01
214.80000   1.482517e-01
214.90000   1.600367e-01
215.00000   1.719518e-01
215.10000   1.839546e-01
215.20000   1.960048e-01
215.30000   2.080645e-01
215.40000   2.200982e-01
215.50000   2.320728e-01
215.60000   2.439579e-01
215.70000   2.557254e-01
215.80000   2.673499e-01
215.90000   2.788081e-01
216.00000   2.900795e-01
216.10000   3.011454e-01
216.20000   3.119895e-01
216.30000   3.225976e-01
216.40000   3.329573e-01
216.50000   3.430580e-01
216.60000   3.528907e-01
216.70000   3.624480e-01
216.80000   3.717240e-01
216.90000   3.807140e-01
217.00000   3.894143e-01
217.10000   3.978225e-01
217.20000   4.059369e-01
217.30000   4.137567e-01
217.40000   4.212819e-01
217.50000   4.285130e-01
217.60000   4.354511e-01
217.70000   4.420976e-01
217.80000   4.484544e-01
217.90000   4.545238e-01
218.00000   4.603081e-01
218.10000   4.658099e-01
218.20000   4.710319e-01
218.30000   4.759770e-01
218.40000   4.806480e-01
218.50000   4.850477e-01
218.60000   4.891789e-01
218.70000   4.930442e-01
218.80000   4.966464e-01
218.90000   4.999878e-01
219.00000   5.030709e-01
219.10000   5.058978e-01
219.20000   5.084705e-01
219.30000   5.107908e-01
219.40000   5.128601e-01
219.50000   5.146800e-01
219.60000   5.162514e-01
219.70000   5.175752e-01
219.80000   5.186520e-01
219.90000   5.194821e-01
220.00000   5.200656e-01
220.10000   5.204022e-01
220.20000   5.204914e-01
220.30000   5.203324e-01
220.40000   5.199241e-01
220.50000   5.192651e-01
220.60000   5.183537e-01
220.70000   5.171879e-01
220.80000   5.157655e-01
220.90000   5.140838e-01
221.00000   5.121400e-01
221.10000   5.099309e-01
221.20000   5.074530e-01
221.30000   5.047027e-01
221.40000   5.016759e-01
221.50000   4.983684e-01
221.60000   4.947756e-01
221.70000   4.908928e-01
221.80000   4.867152e-01
221.90000   4.822375e-01
222.00000   4.774545e-01
222.10000   4.723608e-01
222.20000   4.669510e-01
222.30000   4.612195e-01
222.40000   4.551609e-01
222.50000   4.487698e-01
222.60000   4.420409e-01
222.70000   4.349693e-01
222.80000   4.275504e-01
222.90000   4.197798e-01
223.00000   4.116540e-01
223.10000   4.031699e-01
223.20000   3.943254e-01
223.30000   3.851194e-01
223.40000   3.755519e-01
223.50000   3.656243e-01
223.60000   3.553396e-01
223.70000   3.447027e-01
223.80000   3.337203e-01
223.90000   3.224017e-01
224.00000   3.107588e-01
224.10000   2.988062e-01
224.20000   2.865618e-01
224.30000   2.740470e-01
224.40000   2.612867e-01
224.50000   2.483102e-01
224.60000   2.351507e-01
224.70000   2.218461e-01
224.80000   2.084388e-01
224.90000   1.949760e-01
225.00000   1.815096e-01
225.10000   1.680964e-01
225.20000   1.547975e-01
225.30000   1.416784e-01
225.40000   1.288087e-01
225.50000   1.162610e-01
225.60000   1.041110e-01
225.70000   9.243621e-02
225.80000   8.131505e-02
225.90000   7.082610e-02
226.00000   6.104677e-02
226.10000   5.205215e-02
226.20000   4.391378e-02
226.30000   3.669840e-02
226.40000   3.046674e-02
226.50000   2.527240e-02
226.60000   2.116083e-02
226.70000   1.816846e-02
226.80000   1.632199e-02
226.90000   1.563796e-02
227.00000   1.612245e-02
227.10000   1.777108e-02
227.20000   2.056923e-02
227.30000   2.449240e-02
227.40000   2.950689e-02
227.50000   3.557052e-02
227.60000   4.263358e-02
227.70000   5.063985e-02
227.80000   5.952762e-02
227.90000   6.923083e-02
228.00000   7.968016e-02
228.10000   9.080409e-02
228.20000   1.025299e-01
228.30000   1.147846e-01
228.40000   1.274957e-01
228.50000   1.405921e-01
228.60000   1.540047e-01
228.70000   1.676669e-01
228.80000   1.815149e-01
228.90000   1.954884e-01
229.00000   2.095308e-01
229.10000   2.235889e-01
229.20000   2.376138e-01
229.30000   2.515603e-01
229.40000   2.653876e-01
229.50000   2.790583e-01
229.60000   2.925392e-01
229.70000   3.058007e-01
229.80000   3.188168e-01
229.90000   3.315649e-01
230.00000   3.440257e-01
230.10000   3.561826e-01
230.20000   3.680221e-01
230.30000   3.795330e-01
230.40000   3.907067e-01
230.50000   4.015366e-01
230.60000   4.120179e-01
230.70000   4.221477e-01
230.80000   4.319245e-01
230.90000   4.413482e-01
231.00000   4.504197e-01
231.10000   4.591411e-01
231.20000   4.675153e-01
231.30000   4.755457e-01
231.40000   4.832366e-01
231.50000   4.905925e-01
231.60000   4.976185e-01
231.70000   5.043197e-01
231.80000   5.107016e-01
231.90000   5.167698e-01
232.00000   5.225298e-01
232.10000   5.279874e-01
232.20000   5.331479e-01
232.30000   5.380168e-01
232.40000   5.425995e-01
232.50000   5.469011e-01
232.60000   5.509266e-01
232.70000   5.546805e-01
232.80000   5.581674e-01
232.90000   5.613914e-01
233.00000   5.643566e-01
233.10000   5.670664e-01
233.20000   5.695243e-01
233.30000   5.717331e-01
233.40000   5.736957e-01
233.50000   5.754143e-01
233.60000   5.768910e-01
233.70000   5.781274e-01
233.80000   5.791249e-01
233.90000   5.798845e-01
234.00000   5.804067e-01
234.10000   5.806919e-01
234.20000   5.807401e-01
234.30000   5.805506e-01
234.40000   5.801228e-01
234.50000   5.794555e-01
234.60000   5.785472e-01
234.70000   5.773959e-01
234.80000   5.759993e-01
234.90000   5.743548e-01
235.00000   5.724595e-01
235.10000   5.703098e-01
235.20000   5.679020e-01
235.30000   5.652321e-01
235.40000   5.622953e-01
235.50000   5.590870e-01
235.60000   5.556018e-01
235.70000   5.518342e-01
235.80000   5.477783e-01
235.90000   5.434277e-01
236.00000   5.387759e-01
236.10000   5.338162e-01
236.20000   5.285412e-01
236.30000   5.229438e-01
236.40000   5.170164e-01
236.50000   5.107513e-01
236.60000   5.041406e-01
236.70000   4.971767e-01
236.80000   4.898518e-01
236.90000   4.821582e-01
237.00000   4.740886e-01
237.10000   4.656359e-01
237.20000   4.567936e-01
237.30000   4.475559e-01
237.40000   4.379176e-01
237.50000   4.278746e-01
237.60000   4.174242e-01
237.70000   4.065650e-01
237.80000   3.952973e-01
237.90000   3.836236e-01
238.00000   3.715488e-01
238.10000   3.590802e-01
238.20000   3.462286e-01
238.30000   3.330078e-01
238.40000   3.194358e-01
238.50000   3.055348e-01
238.60000   2.913316e-01
238.70000   2.768581e-01
238.80000   2.621516e-01
238.90000   2.472554e-01
239.00000   2.322184e-01
239.10000   2.170960e-01
239.20000   2.019498e-01
239.30000   1.868479e-01
239.40000   1.718640e-01
239.50000   1.570781e-01
239.60000   1.425750e-01
239.70000   1.284442e-01
239.80000   1.147787e-01
239.90000   1.016741e-01
240.00000   8.922707e-02
240.10000   7.753399e-02
240.20000   6.668939e-02
240.30000   5.678419e-02
240.40000   4.790398e-02
240.50000   4.012734e-02
240.60000   3.352415e-02
240.70000   2.815416e-02
240.80000   2.406566e-02
240.90000   2.129450e-02
241.00000   1.986332e-02
241.10000   1.978118e-02
241.20000   2.104351e-02
241.30000   2.363241e-02
241.40000   2.751725e-02
241.50000   3.265556e-02
241.60000   3.899420e-02
241.70000   4.647065e-02
241.80000   5.501448e-02
241.90000   6.454888e-02
242.00000   7.499220e-02
242.10000   8.625939e-02
242.20000   9.826350e-02
242.30000   1.109169e-01
242.40000   1.241326e-01
242.50000   1.378251e-01
242.60000   1.519113e-01
242.70000   1.663113e-01
242.80000   1.809489e-01
242.90000   1.957521e-01
243.00000   2.106535e-01
243.10000   2.255903e-01
243.20000   2.405046e-01
243.30000   2.553434e-01
243.40000   2.700587e-01
243.50000   2.846070e-01
243.60000   2.989497e-01
243.70000   3.130528e-01
243.80000   3.268863e-01
243.90000   3.404246e-01
244.00000   3.536457e-01
244.10000   3.665312e-01
244.20000   3.790663e-01
244.30000   3.912389e-01
244.40000   4.030397e-01
244.50000   4.144621e-01
244.60000   4.255017e-01
244.70000   4.361559e-01
244.80000   4.464240e-01
244.90000   4.563069e-01
245.00000   4.658066e-01
245.10000   4.749266e-01
245.20000   4.836710e-01
245.30000   4.920447e-01
245.40000   5.000535e-01
245.50000   5.077034e-01
245.60000   5.150010e-01
245.70000   5.219531e-01
245.80000   5.285665e-01
245.90000   5.348485e-01
246.00000   5.408060e-01
246.10000   5.464460e-01
246.20000   5.517755e-01
246.30000   5.568013e-01
246.40000   5.615299e-01
246.50000   5.659678e-01
246.60000   5.701210e-01
246.70000   5.739953e-01
246.80000   5.775964e-01
246.90000   5.809294e-01
247.00000   5.839993e-01
247.10000   5.868106e-01
247.20000   5.893675e-01
247.30000   5.916740e-01
247.40000   5.937335e-01
247.50000   5.955491e-01
247.60000   5.971236e-01
247.70000   5.984596e-01
247.80000   5.995589e-01
247.90000   6.004232e-01
248.00000   6.010539e-01
248.10000   6.014518e-01
248.20000   6.016176e-01
248.30000   6.015512e-01
248.40000   6.012526e-01
248.50000   6.007211e-01
248.60000   5.999558e-01
248.70000   5.989553e-01
248.80000   5.977178e-01
248.90000   5.962412e-01
249.00000   5.945230e-01
249.10000   5.925603e-01
249.20000   5.903499e-01
249.30000   5.878880e-01
249.40000   5.851706e-01
249.50000   5.821934e-01
249.60000   5.789514e-01
249.70000   5.754396e-01
249.80000   5.716523e-01
249.90000   5.675838e-01
250.00000   5.632276e-01
250.10000   5.585774e-01
250.20000   5.536262e-01
250.30000   5.483667e-01
250.40000   5.427917e-01
250.50000   5.368934e-01
250.60000   5.306639e-01
250.70000   5.240954e-01
250.80000   5.171796e-01
250.90000   5.099086e-01
251.00000   5.022743e-01
251.10000   4.942689e-01
251.20000   4.858847e-01
251.30000   4.771146e-01
251.40000   4.679519e-01
251.50000   4.583905e-01
251.60000   4.484254e-01
251.70000   4.380525e-01
251.80000   4.272691e-01
251.90000   4.160739e-01
252.00000   4.044676e-01
252.10000   3.924530e-01
252.20000   3.800354e-01
252.30000   3.672227e-01
252.40000   3.540262e-01
252.50000   3.404609e-01
252.60000   3.265454e-01
252.70000   3.123030e-01
252.80000   2.977618e-01
252.90000   2.829550e-01
253.00000   2.679214e-01
253.10000   2.527054e-01
253.20000   2.373580e-01
253.30000   2.219359e-01
253.40000   2.065025e-01
253.50000   1.911272e-01
253.60000   1.758856e-01
253.70000   1.608587e-01
253.80000   1.461327e-01
253.90000   1.317979e-01
254.00000   1.179480e-01
254.10000   1.046788e-01
254.20000   9.208686e-02
254.30000   8.026808e-02
254.40000   6.931593e-02
254.50000   5.931991e-02
254.60000   5.036370e-02
254.70000   4.252357e-02
254.80000   3.586671e-02
254.90000   3.044987e-02
255.00000   2.631807e-02
255.10000   2.350373e-02
255.20000   2.202599e-02
255.30000   2.189042e-02
255.40000   2.308908e-02
255.50000   2.560086e-02
255.60000   2.939224e-02
255.70000   3.441819e-02
255.80000   4.062341e-02
255.90000   4.794371e-02
256.00000   5.630748e-02
256.10000   6.563722e-02
256.20000   7.585110e-02
256.30000   8.686441e-02
256.40000   9.859099e-02
256.50000   1.109445e-01
256.60000   1.238394e-01
256.70000   1.371921e-01
256.80000   1.509219e-01
256.90000   1.649511e-01
257.00000   1.792060e-01
257.10000   1.936172e-01
257.20000   2.081197e-01
257.30000   2.226532e-01
257.40000   2.371621e-01
257.50000   2.515957e-01
257.60000   2.659076e-01
257.70000   2.800565e-01
257.80000   2.940051e-01
257.90000   3.077206e-01
258.00000   3.211742e-01
258.10000   3.343410e-01
258.20000   3.471997e-01
258.30000   3.597323e-01
258.40000   3.719241e-01
258.50000   3.837631e-01
258.60000   3.952400e-01
258.70000   4.063479e-01
258.80000   4.170820e-01
258.90000   4.274396e-01
259.00000   4.374193e-01
259.10000   4.470215e-01
259.20000   4.562479e-01
259.30000   4.651011e-01
259.40000   4.735848e-01
259.50000   4.817034e-01
259.60000   4.894620e-01
259.70000   4.968660e-01
259.80000   5.039216e-01
259.90000   5.106348e-01
260.00000   5.170121e-01
260.10000   5.230601e-01
260.20000   5.287854e-01
260.30000   5.341944e-01
260.40000   5.392937e-01
260.50000   5.440897e-01
260.60000   5.485884e-01
260.70000   5.527960e-01
260.80000   5.567181e-01
260.90000   5.603602e-01
261.00000   5.637276e-01
261.10000   5.668251e-01
261.20000   5.696575e-01
261.30000   5.722289e-01
261.40000   5.745434e-01
261.50000   5.766046e-01
261.60000   5.784158e-01
261.70000   5.799798e-01
261.80000   5.812994e-01
261.90000   5.823767e-01
262.00000   5.832137e-01
262.10000   5.838118e-01
262.20000   5.841722e-01
262.30000   5.842958e-01
262.40000   5.841829e-01
262.50000   5.838338e-01
262.60000   5.832481e-01
262.70000   5.824253e-01
262.80000   5.813644e-01
262.90000   5.800640e-01
263.00000   5.785226e-01
263.10000   5.767381e-01
263.20000   5.747082e-01
263.30000   5.724301e-01
263.40000   5.699010e-01
263.50000   5.671173e-01
263.60000   5.640755e-01
263.70000   5.607714e-01
263.80000   5.572009e-01
263.90000   5.533593e-01
264.00000   5.492417e-01
264.10000   5.448430e-01
264.20000   5.401578e-01
264.30000   5.351805e-01
264.40000   5.299052e-01
264.50000   5.243260e-01
264.60000   5.184367e-01
264.70000   5.122313e-01
264.80000   5.057034e-01
264.90000   4.988469e-01
265.00000   4.916558e-01
265.10000   4.841240e-01
265.20000   4.762461e-01
265.30000   4.680166e-01
265.40000   4.594308e-01
265.50000   4.504846e-01
265.60000   4.411743e-01
265.70000   4.314975e-01
265.80000   4.214528e-01
265.90000   4.110398e-01
266.00000   4.002599e-01
266.10000   3.891160e-01
266.20000   3.776130e-01
266.30000   3.657580e-01
266.40000   3.535605e-01
266.50000   3.410329e-01
266.60000   3.281906e-01
266.70000   3.150521e-01
266.80000   3.016398e-01
266.90000   2.879797e-01
267.00000   2.741023e-01
267.10000   2.600422e-01
267.20000   2.458386e-01
267.30000   2.315354e-01
267.40000   2.171814e-01
267.50000   2.028300e-01
267.60000   1.885393e-01
267.70000   1.743718e-01
267.80000   1.603942e-01
267.90000   1.466769e-01
268.00000   1.332934e-01
268.10000   1.203196e-01
268.20000   1.078330e-01
268.30000   9.591176e-02
268.40000   8.463354e-02
268.50000   7.407453e-02
268.60000   6.430815e-02
268.70000   5.540382e-02
268.80000   4.742584e-02
268.90000   4.043213e-02
269.00000   3.447323e-02
269.10000   2.959131e-02
269.20000   2.581940e-02
269.30000   2.318079e-02
269.40000   2.168864e-02
269.50000   2.134581e-02
269.60000   2.214494e-02
269.70000   2.406870e-02
269.80000   2.709033e-02
269.90000   3.117431e-02
270.00000   3.627718e-02
270.10000   4.234851e-02
270.20000   4.933193e-02
270.30000   5.716627e-02
270.40000   6.578660e-02
270.50000   7.512534e-02
270.60000   8.511328e-02
270.70000   9.568058e-02
270.80000   1.067575e-01
270.90000   1.182755e-01
271.00000   1.301674e-01
271.10000   1.423682e-01
271.20000   1.548159e-01
271.30000   1.674510e-01
271.40000   1.802176e-01
271.50000   1.930629e-01
271.60000   2.059381e-01
271.70000   2.187975e-01
271.80000   2.315994e-01
271.90000   2.443053e-01
272.00000   2.568806e-01
272.10000   2.692937e-01
272.20000   2.815165e-01
272.30000   2.935239e-01
272.40000   3.052939e-01
272.50000   3.168072e-01
272.60000   3.280472e-01
272.70000   3.389996e-01
272.80000   3.496526e-01
272.90000   3.599964e-01
273.00000   3.700231e-01
273.10000   3.797265e-01
273.20000   3.891022e-01
273.30000   3.981470e-01
273.40000   4.068592e-01
273.50000   4.152378e-01
273.60000   4.232834e-01
273.70000   4.309968e-01
273.80000   4.383801e-01
273.90000   4.454357e-01
274.00000   4.521665e-01
274.10000   4.585760e-01
274.20000   4.646680e-01
274.30000   4.704464e-01
274.40000   4.759154e-01
274.50000   4.810794e-01
274.60000   4.859428e-01
274.70000   4.905099e-01
274.80000   4.947852e-01
274.90000   4.987729e-01
275.00000   5.024772e-01
275.10000   5.059022e-01
275.20000   5.090519e-01
275.30000   5.119300e-01
275.40000   5.145400e-01
275.50000   5.168852e-01
275.60000   5.189687e-01
275.70000   5.207934e-01
275.80000   5.223618e-01
275.90000   5.236764e-01
276.00000   5.247392e-01
276.10000   5.255519e-01
276.20000   5.261162e-01
276.30000   5.264332e-01
276.40000   5.265040e-01
276.50000   5.263293e-01
276.60000   5.259095e-01
276.70000   5.252448e-01
276.80000   5.243350e-01
276.90000   5.231797e-01
277.00000   5.217785e-01
277.10000   5.201302e-01
277.20000   5.182339e-01
277.30000   5.160881e-01
277.40000   5.136911e-01
277.50000   5.110412e-01
277.60000   5.081363e-01
277.70000   5.049741e-01
277.80000   5.015523e-01
277.90000   4.978681e-01
278.00000   4.939189e-01
278.10000   4.897017e-01
278.20000   4.852137e-01
278.30000   4.804518e-01
278.40000   4.754129e-01
278.50000   4.700940e-01
278.60000   4.644920e-01
278.70000   4.586039e-01
278.80000   4.524271e-01
278.90000   4.459587e-01
279.00000   4.391966e-01
279.10000   4.321385e-01
279.20000   4.247829e-01
279.30000   4.171286e-01
279.40000   4.091749e-01
279.50000   4.009220e-01
279.60000   3.923704e-01
279.70000   3.835221e-01
279.80000   3.743795e-01
279.90000   3.649465e-01
280.00000   3.552281e-01
280.10000   3.452308e-01
280.20000   3.349623e-01
280.30000   3.244325e-01
280.40000   3.136526e-01
280.50000   3.026361e-01
280.60000   2.913987e-01
280.70000   2.799579e-01
280.80000   2.683341e-01
280.90000   2.565499e-01
281.00000   2.446305e-01
281.10000   2.326040e-01
281.20000   2.205010e-01
281.30000   2.083549e-01
281.40000   1.962019e-01
281.50000   1.840807e-01
281.60000   1.720328e-01
281.70000   1.601018e-01
281.80000   1.483336e-01
281.90000   1.367760e-01
282.00000   1.254783e-01
282.10000   1.144910e-01
282.20000   1.038653e-01
282.30000   9.365257e-02
282.40000   8.390389e-02
282.50000   7.466943e-02
282.60000   6.599785e-02
282.70000   5.793568e-02
282.80000   5.052668e-02
282.90000   4.381130e-02
283.00000   3.782602e-02
283.10000   3.260291e-02
283.20000   2.816911e-02
283.30000   2.454645e-02
283.40000   2.175115e-02
283.50000   1.979359e-02
283.60000   1.867821e-02
283.70000   1.840349e-02
283.80000   1.896202e-02
283.90000   2.034070e-02
284.00000   2.252105e-02
284.10000   2.547948e-02
284.20000   2.918781e-02
284.30000   3.361370e-02
284.40000   3.872116e-02
284.50000   4.447116e-02
284.60000   5.082214e-02
284.70000   5.773059e-02
284.80000   6.515159e-02
284.90000   7.303935e-02
285.00000   8.134769e-02
285.10000   9.003047e-02
285.20000   9.904204e-02
285.30000   1.083376e-01
285.40000   1.178733e-01
285.50000   1.276070e-01
285.60000   1.374980e-01
285.70000   1.475073e-01
285.80000   1.575979e-01
285.90000   1.677350e-01
286.00000   1.778855e-01
286.10000   1.880187e-01
286.20000   1.981060e-01
286.30000   2.081207e-01
286.40000   2.180383e-01
286.50000   2.278365e-01
286.60000   2.374946e-01
286.70000   2.469940e-01
286.80000   2.563179e-01
286.90000   2.654513e-01
287.00000   2.743806e-01
287.10000   2.830939e-01
287.20000   2.915808e-01
287.30000   2.998322e-01
287.40000   3.078401e-01
287.50000   3.155980e-01
287.60000   3.231000e-01
287.70000   3.303417e-01
287.80000   3.373192e-01
287.90000   3.440295e-01
288.00000   3.504705e-01
288.10000   3.566405e-01
288.20000   3.625386e-01
288.30000   3.681642e-01
288.40000   3.735173e-01
288.50000   3.785983e-01
288.60000   3.834077e-01
288.70000   3.879466e-01
288.80000   3.922161e-01
288.90000   3.962175e-01
289.00000   3.999525e-01
289.10000   4.034225e-01
289.20000   4.066293e-01
289.30000   4.095747e-01
289.40000   4.122603e-01
289.50000   4.146880e-01
289.60000   4.168595e-01
289.70000   4.187764e-01
289.80000   4.204405e-01
289.90000   4.218533e-01
290.00000   4.230163e-01
290.10000   4.239309e-01
290.20000   4.245984e-01
290.30000   4.250200e-01
290.40000   4.251968e-01
290.50000   4.251297e-01
290.60000   4.248197e-01
290.70000   4.242674e-01
290.80000   4.234735e-01
290.90000   4.224387e-01
291.00000   4.211632e-01
291.10000   4.196475e-01
291.20000   4.178918e-01
291.30000   4.158963e-01
291.40000   4.136611e-01
291.50000   4.111864e-01
291.60000   4.084721e-01
291.70000   4.055183e-01
291.80000   4.023250e-01
291.90000   3.988922e-01
292.00000   3.952200e-01
292.10000   3.913085e-01
292.20000   3.871580e-01
292.30000   3.827687e-01
292.40000   3.781412e-01
292.50000   3.732762e-01
292.60000   3.681744e-01
292.70000   3.628370e-01
292.80000   3.572655e-01
292.90000   3.514615e-01
293.00000   3.454272e-01
293.10000   3.391652e-01
293.20000   3.326783e-01
293.30000   3.259702e-01
293.40000   3.190449e-01
293.50000   3.119071e-01
293.60000   3.045623e-01
293.70000   2.970165e-01
293.80000   2.892768e-01
293.90000   2.813508e-01
294.00000   2.732472e-01
294.10000   2.649756e-01
294.20000   2.565468e-01
294.30000   2.479722e-01
294.40000   2.392648e-01
294.50000   2.304384e-01
294.60000   2.215081e-01
294.70000   2.124901e-01
294.80000   2.034017e-01
294.90000   1.942618e-01
295.00000   1.850900e-01
295.10000   1.759072e-01
295.20000   1.667357e-01
295.30000   1.575985e-01
295.40000   1.485197e-01
295.50000   1.395244e-01
295.60000   1.306384e-01
295.70000   1.218883e-01
295.80000   1.133011e-01
295.90000   1.049041e-01
296.00000   9.672511e-02
296.10000   8.879162e-02
296.20000   8.113112e-02
296.30000   7.377061e-02
296.40000   6.673650e-02
296.50000   6.005434e-02
296.60000   5.374859e-02
296.70000   4.784239e-02
296.80000   4.235738e-02
296.90000   3.731344e-02
297.00000   3.272851e-02
297.10000   2.861844e-02
297.20000   2.499677e-02
297.30000   2.187466e-02
297.40000   1.926075e-02
297.50000   1.716107e-02
297.60000   1.557901e-02
297.70000   1.451530e-02
297.80000   1.396802e-02
297.90000   1.393265e-02
298.00000   1.440212e-02
298.10000   1.536696e-02
298.20000   1.681536e-02
298.30000   1.873340e-02
298.40000   2.110513e-02
298.50000   2.391282e-02
298.60000   2.713713e-02
298.70000   3.075733e-02
298.80000   3.475148e-02
298.90000   3.909665e-02
299.00000   4.376914e-02
299.10000   4.874468e-02
299.20000   5.399859e-02
299.30000   5.950603e-02
299.40000   6.524208e-02
299.50000   7.118199e-02
299.60000   7.730126e-02
299.70000   8.357580e-02
299.80000   8.998203e-02
299.90000   9.649700e-02
300.00000   1.030984e-01
300.10000   1.097648e-01
300.20000   1.164756e-01
300.30000   1.232108e-01
300.40000   1.299517e-01
300.50000   1.366803e-01
300.60000   1.433796e-01
300.70000   1.500335e-01
300.80000   1.566269e-01
300.90000   1.631457e-01
301.00000   1.695765e-01
301.10000   1.759071e-01
301.20000   1.821259e-01
301.30000   1.882224e-01
301.40000   1.941866e-01
301.50000   2.000096e-01
301.60000   2.056831e-01
301.70000   2.111996e-01
301.80000   2.165522e-01
301.90000   2.217346e-01
302.00000   2.267413e-01
302.10000   2.315672e-01
302.20000   2.362078e-01
302.30000   2.406590e-01
302.40000   2.449174e-01
302.50000   2.489798e-01
302.60000   2.528436e-01
302.70000   2.565064e-01
302.80000   2.599662e-01
302.90000   2.632214e-01
303.00000   2.662706e-01
303.10000   2.691127e-01
303.20000   2.717468e-01
303.30000   2.741722e-01
303.40000   2.763887e-01
303.50000   2.783958e-01
303.60000   2.801935e-01
303.70000   2.817820e-01
303.80000   2.831613e-01
303.90000   2.843318e-01
304.00000   2.852940e-01
304.10000   2.860485e-01
304.20000   2.865959e-01
304.30000   2.869370e-01
304.40000   2.870726e-01
304.50000   2.870036e-01
304.60000   2.867312e-01
304.70000   2.862563e-01
304.80000   2.855803e-01
304.90000   2.847043e-01
305.00000   2.836297e-01
305.10000   2.823580e-01
305.20000   2.808908e-01
305.30000   2.792296e-01
305.40000   2.773762e-01
305.50000   2.753325e-01
305.60000   2.731006e-01
305.70000   2.706824e-01
305.80000   2.680804e-01
305.90000   2.652968e-01
306.00000   2.623344e-01
306.10000   2.591958e-01
306.20000   2.558841e-01
306.30000   2.524023e-01
306.40000   2.487539e-01
306.50000   2.449424e-01
306.60000   2.409718e-01
306.70000   2.368460e-01
306.80000   2.325696e-01
306.90000   2.281471e-01
307.00000   2.235836e-01
307.10000   2.188844e-01
307.20000   2.140549e-01
307.30000   2.091013e-01
307.40000   2.040298e-01
307.50000   1.988471e-01
307.60000   1.935602e-01
307.70000   1.881766e-01
307.80000   1.827040e-01
307.90000   1.771506e-01
308.00000   1.715250e-01
308.10000   1.658361e-01
308.20000   1.600933e-01
308.30000   1.543063e-01
308.40000   1.484851e-01
308.50000   1.426401e-01
308.60000   1.367821e-01
308.70000   1.309222e-01
308.80000   1.250716e-01
308.90000   1.192419e-01
309.00000   1.134451e-01
309.10000   1.076930e-01
309.20000   1.019978e-01
309.30000   9.637176e-02
309.40000   9.082722e-02
309.50000   8.537648e-02
309.60000   8.003182e-02
309.70000   7.480540e-02
309.80000   6.970925e-02
309.90000   6.475517e-02
310.00000   5.995468e-02
310.10000   5.531896e-02
310.20000   5.085879e-02
310.30000   4.658451e-02
310.40000   4.250591e-02
310.50000   3.863224e-02
310.60000   3.497208e-02
310.70000   3.153335e-02
310.80000   2.832325e-02
310.90000   2.534818e-02
311.00000   2.261374e-02
311.10000   2.012469e-02
311.20000   1.788493e-02
311.30000   1.589743e-02
311.40000   1.416428e-02
311.50000   1.268666e-02
311.60000   1.146481e-02
311.70000   1.049809e-02
311.80000   9.784922e-03
311.90000   9.322885e-03
312.00000   9.108679e-03
312.10000   9.138186e-03
312.20000   9.406495e-03
312.30000   9.907943e-03
312.40000   1.063616e-02
312.50000   1.158413e-02
312.60000   1.274420e-02
312.70000   1.410819e-02
312.80000   1.566741e-02
312.90000   1.741273e-02
313.00000   1.933464e-02
313.10000   2.142327e-02
313.20000   2.366852e-02
313.30000   2.606005e-02
313.40000   2.858734e-02
313.50000   3.123980e-02
313.60000   3.400672e-02
313.70000   3.687744e-02
313.80000   3.984126e-02
313.90000   4.288761e-02
314.00000   4.600598e-02
314.10000   4.918603e-02
314.20000   5.241758e-02
314.30000   5.569067e-02
314.40000   5.899555e-02
314.50000   6.232273e-02
314.60000   6.566299e-02
314.70000   6.900739e-02
314.80000   7.234729e-02
314.90000   7.567438e-02
315.00000   7.898064e-02
315.10000   8.225839e-02
315.20000   8.550030e-02
315.30000   8.869936e-02
315.40000   9.184887e-02
315.50000   9.494251e-02
315.60000   9.797426e-02
315.70000   1.009384e-01
315.80000   1.038297e-01
315.90000   1.066430e-01
316.00000   1.093737e-01
316.10000   1.120172e-01
316.20000   1.145696e-01
316.30000   1.170269e-01
316.40000   1.193858e-01
316.50000   1.216428e-01
316.60000   1.237951e-01
316.70000   1.258398e-01
316.80000   1.277747e-01
316.90000   1.295974e-01
317.00000   1.313059e-01
317.10000   1.328985e-01
317.20000   1.343737e-01
317.30000   1.357302e-01
317.40000   1.369669e-01
317.50000   1.380828e-01
317.60000   1.390773e-01
317.70000   1.399499e-01
317.80000   1.407002e-01
317.90000   1.413281e-01
318.00000   1.418336e-01
318.10000   1.422168e-01
318.20000   1.424783e-01
318.30000   1.426184e-01
318.40000   1.426378e-01
318.50000   1.425374e-01
318.60000   1.423182e-01
318.70000   1.419812e-01
318.80000   1.415277e-01
318.90000   1.409592e-01
319.00000   1.402772e-01
319.10000   1.394834e-01
319.20000   1.385795e-01
319.30000   1.375676e-01
319.40000   1.364498e-01
319.50000   1.352282e-01
319.60000   1.339052e-01
319.70000   1.324833e-01
319.80000   1.309651e-01
319.90000   1.293533e-01
320.00000   1.276509e-01
320.10000   1.258607e-01
320.20000   1.239858e-01
320.30000   1.220296e-01
320.40000   1.199952e-01
320.50000   1.178863e-01
320.60000   1.157062e-01
320.70000   1.134588e-01
320.80000   1.111477e-01
320.90000   1.087769e-01
321.00000   1.063503e-01
321.10000   1.038720e-01
321.20000   1.013461e-01
321.30000   9.877691e-02
321.40000   9.616870e-02
321.50000   9.352588e-02
321.60000   9.085288e-02
321.70000   8.815422e-02
321.80000   8.543444e-02
321.90000   8.269814e-02
322.00000   7.994995e-02
322.10000   7.719452e-02
322.20000   7.443650e-02
322.30000   7.168056e-02
322.40000   6.893136e-02
322.50000   6.619354e-02
322.60000   6.347170e-02
322.70000   6.077042e-02
322.80000   5.809420e-02
322.90000   5.544749e-02
323.00000   5.283468e-02
323.10000   5.026004e-02
323.20000   4.772776e-02
323.30000   4.524191e-02
323.40000   4.280645e-02
323.50000   4.042517e-02
323.60000   3.810176e-02
323.70000   3.583971e-02
323.80000   3.364236e-02
323.90000   3.151288e-02
324.00000   2.945425e-02
324.10000   2.746922e-02
324.20000   2.556039e-02
324.30000   2.373011e-02
324.40000   2.198053e-02
324.50000   2.031355e-02
324.60000   1.873088e-02
324.70000   1.723397e-02
324.80000   1.582404e-02
324.90000   1.450207e-02
325.00000   1.326882e-02
325.10000   1.212480e-02
325.20000   1.107026e-02
325.30000   1.010526e-02
325.40000   9.229590e-03
325.50000   8.442833e-03
325.60000   7.744340e-03
325.70000   7.133249e-03
325.80000   6.608484e-03
325.90000   6.168766e-03
326.00000   5.812621e-03
326.10000   5.538387e-03
326.20000   5.344226e-03
326.30000   5.228130e-03
326.40000   5.187935e-03
326.50000   5.221328e-03
326.60000   5.325861e-03
326.70000   5.498960e-03
326.80000   5.737937e-03
326.90000   6.040003e-03
327.00000   6.402277e-03
327.10000   6.821799e-03
327.20000   7.295539e-03
327.30000   7.820412e-03
327.40000   8.393288e-03
327.50000   9.010999e-03
327.60000   9.670355e-03
327.70000   1.036815e-02
327.80000   1.110118e-02
327.90000   1.186623e-02
328.00000   1.266011e-02
328.10000   1.347966e-02
328.20000   1.432174e-02
328.30000   1.518325e-02
328.40000   1.606114e-02
328.50000   1.695240e-02
328.60000   1.785409e-02
328.70000   1.876335e-02
328.80000   1.967735e-02
328.90000   2.059337e-02
329.00000   2.150876e-02
329.10000   2.242093e-02
329.20000   2.332742e-02
329.30000   2.422582e-02
329.40000   2.511384e-02
329.50000   2.598926e-02
329.60000   2.684998e-02
329.70000   2.769398e-02
329.80000   2.851936e-02
329.90000   2.932429e-02
