50.00000 0.80341
51.00000 0.79591
52.00000 0.78833
53.00000 0.78067
54.00000 0.77295
55.00000 0.76517
56.00000 0.75732
57.00000 0.74942
58.00000 0.74146
59.00000 0.73346
60.00000 0.72540
61.00000 0.71731
62.00000 0.70917
63.00000 0.70100
64.00000 0.69280
65.00000 0.68457
66.00000 0.67631
67.00000 0.66803
68.00000 0.65973
69.00000 0.65142
70.00000 0.64309
71.00000 0.63476
72.00000 0.62642
73.00000 0.61807
74.00000 0.60973
75.00000 0.60139
76.00000 0.58353
77.00000 0.57018
78.00000 0.55237
79.00000 0.53645
80.00000 0.53538
81.00000 0.53426
82.00000 0.52924
83.00000 0.52231
84.00000 0.51447
85.00000 0.50594
86.00000 0.49498
87.00000 0.48285
88.00000 0.47824
89.00000 0.47043
90.00000 0.46314
91.00000 0.46333
92.00000 0.46668
93.00000 0.45803
94.00000 0.44763
95.00000 0.43827
96.00000 0.43071
97.00000 0.42798
98.00000 0.43004
99.00000 0.42687
100.00000 0.41985
101.00000 0.41286
102.00000 0.40674
103.00000 0.40088
104.00000 0.39248
105.00000 0.38114
106.00000 0.37216
107.00000 0.36218
108.00000 0.35449
109.00000 0.35245
110.00000 0.35118
111.00000 0.34603
112.00000 0.33355
113.00000 0.32038
114.00000 0.31129
115.00000 0.30536
116.00000 0.30073
117.00000 0.29448
118.00000 0.29161
119.00000 0.28787
120.00000 0.28040
121.00000 0.27113
122.00000 0.26329
123.00000 0.25884
124.00000 0.25521
125.00000 0.25074
126.00000 0.24453
127.00000 0.23796
128.00000 0.23153
129.00000 0.22484
130.00000 0.21796
131.00000 0.21093
132.00000 0.20431
133.00000 0.19886
134.00000 0.19522
135.00000 0.19228
136.00000 0.18978
137.00000 0.18902
138.00000 0.18804
139.00000 0.17517
140.00000 0.16669
141.00000 0.16208
142.00000 0.15814
143.00000 0.15408
144.00000 0.14958
145.00000 0.14447
146.00000 0.13930
147.00000 0.13514
148.00000 0.13248
149.00000 0.13272
150.00000 0.13674
151.00000 0.13694
152.00000 0.13377
153.00000 0.13126
154.00000 0.12938
155.00000 0.12961
156.00000 0.12913
157.00000 0.10696
158.00000 0.10610
159.00000 0.11013
160.00000 0.11718
161.00000 0.11157
162.00000 0.10065
163.00000 0.09554
164.00000 0.09375
165.00000 0.09630
166.00000 0.10089
167.00000 0.09889
168.00000 0.09293
169.00000 0.08890
170.00000 0.08731
171.00000 0.08644
172.00000 0.08462
173.00000 0.08329
174.00000 0.08165
175.00000 0.07966
176.00000 0.07938
177.00000 0.08133
178.00000 0.08447
179.00000 0.08645
180.00000 0.08632
181.00000 0.05911
182.00000 0.05759
183.00000 0.05611
184.00000 0.05467
185.00000 0.05328
186.00000 0.05192
187.00000 0.05061
188.00000 0.04933
189.00000 0.04809
190.00000 0.04689
191.00000 0.04573
192.00000 0.04460
193.00000 0.04351
194.00000 0.04245
195.00000 0.04142
196.00000 0.04042
197.00000 0.03946
198.00000 0.03853
199.00000 0.03762
200.00000 0.03675
201.00000 0.03590
202.00000 0.03508
203.00000 0.03429
204.00000 0.03352
205.00000 0.03278
206.00000 0.03207
207.00000 0.03138
208.00000 0.03071
209.00000 0.03006
210.00000 0.02944
211.00000 0.02884
212.00000 0.02825
213.00000 0.02769
214.00000 0.02715
215.00000 0.02663
216.00000 0.02612
217.00000 0.02564
218.00000 0.02517
219.00000 0.02472
