 50.00000   7.503942e-03
 51.00000   7.495120e-03
 52.00000   9.599973e-03
 53.00000   7.990430e-03
 54.00000   8.436359e-03
 55.00000   9.991499e-03
 56.00000   7.897888e-03
 57.00000   8.558246e-03
 58.00000   1.046538e-02
 59.00000   8.608987e-03
 60.00000   9.350915e-03
 61.00000   1.087224e-02
 62.00000   9.022825e-03
 63.00000   1.000790e-02
 64.00000   1.124028e-02
 65.00000   9.364180e-03
 66.00000   1.022843e-02
 67.00000   1.174228e-02
 68.00000   1.044151e-02
 69.00000   1.121107e-02
 70.00000   1.194890e-02
 71.00000   1.072963e-02
 72.00000   1.157411e-02
 73.00000   1.228866e-02
 74.00000   1.138172e-02
 75.00000   1.206005e-02
 76.00000   1.259143e-02
 77.00000   1.211444e-02
 78.00000   1.282532e-02
 79.00000   1.281293e-02
 80.00000   1.229082e-02
 81.00000   1.312066e-02
 82.00000   1.341370e-02
 83.00000   1.308006e-02
 84.00000   1.368437e-02
 85.00000   1.375097e-02
 86.00000   1.355839e-02
 87.00000   1.418938e-02
 88.00000   1.425413e-02
 89.00000   1.400815e-02
 90.00000   1.452074e-02
 91.00000   1.481343e-02
 92.00000   1.479798e-02
 93.00000   1.508063e-02
 94.00000   1.515387e-02
 95.00000   1.520648e-02
 96.00000   1.550766e-02
 97.00000   1.561630e-02
 98.00000   1.572741e-02
 99.00000   1.596481e-02
100.00000   1.606615e-02
101.00000   1.624679e-02
102.00000   1.645676e-02
103.00000   1.649557e-02
104.00000   1.669019e-02
105.00000   1.696473e-02
106.00000   1.705434e-02
107.00000   1.721619e-02
108.00000   1.742107e-02
109.00000   1.750214e-02
110.00000   1.768099e-02
111.00000   1.790615e-02
112.00000   1.800641e-02
113.00000   1.815197e-02
114.00000   1.835017e-02
115.00000   1.850791e-02
116.00000   1.869150e-02
117.00000   1.883567e-02
118.00000   1.897445e-02
119.00000   1.918023e-02
120.00000   1.928690e-02
121.00000   1.939923e-02
122.00000   1.966109e-02
123.00000   1.977854e-02
124.00000   1.984104e-02
125.00000   2.011320e-02
126.00000   2.027000e-02
127.00000   2.035468e-02
128.00000   2.066811e-02
129.00000   2.078121e-02
130.00000   2.076250e-02
131.00000   2.110230e-02
132.00000   2.132749e-02
133.00000   2.131923e-02
134.00000   2.156861e-02
135.00000   2.173394e-02
136.00000   2.182492e-02
137.00000   2.215038e-02
138.00000   2.213976e-02
139.00000   2.211103e-02
140.00000   2.259799e-02
141.00000   2.271758e-02
142.00000   2.273236e-02
143.00000   2.319762e-02
144.00000   2.303118e-02
145.00000   2.294183e-02
146.00000   2.374067e-02
147.00000   2.364388e-02
148.00000   2.326751e-02
149.00000   2.405055e-02
150.00000   2.427005e-02
151.00000   2.408669e-02
152.00000   2.482093e-02
153.00000   2.456661e-02
154.00000   2.409470e-02
155.00000   2.509166e-02
156.00000   2.531069e-02
157.00000   2.495774e-02
158.00000   2.568172e-02
159.00000   2.554489e-02
160.00000   2.540803e-02
161.00000   2.637466e-02
162.00000   2.580321e-02
163.00000   2.536339e-02
164.00000   2.669587e-02
165.00000   2.658607e-02
166.00000   2.629817e-02
167.00000   2.745617e-02
168.00000   2.670759e-02
169.00000   2.624767e-02
170.00000   2.791838e-02
171.00000   2.745583e-02
172.00000   2.662377e-02
173.00000   2.814973e-02
174.00000   2.825223e-02
175.00000   2.769141e-02
176.00000   2.892290e-02
177.00000   2.843458e-02
178.00000   2.757380e-02
179.00000   2.888657e-02
180.00000   2.918813e-02
181.00000   2.867559e-02
182.00000   2.956129e-02
183.00000   2.951407e-02
184.00000   2.916522e-02
185.00000   2.994138e-02
186.00000   2.968672e-02
187.00000   2.929085e-02
188.00000   3.027775e-02
189.00000   3.037385e-02
190.00000   3.020762e-02
191.00000   3.104001e-02
192.00000   3.074908e-02
193.00000   3.025431e-02
194.00000   3.126976e-02
195.00000   3.142004e-02
196.00000   3.076213e-02
197.00000   3.147185e-02
198.00000   3.216931e-02
199.00000   3.179675e-02
200.00000   3.211130e-02
