 50.00000   2.588459e-01
 51.00000   2.536400e-01
 52.00000   4.420305e-02
 53.00000   2.027696e-01
 54.00000   1.583597e-01
 55.00000   4.835496e-02
 56.00000   2.806879e-01
 57.00000   2.103392e-01
 58.00000   2.278606e-02
 59.00000   2.079743e-01
 60.00000   1.443955e-01
 61.00000   1.251852e-02
 62.00000   1.995650e-01
 63.00000   1.245199e-01
 64.00000   3.256910e-02
 65.00000   2.172957e-01
 66.00000   1.534579e-01
 67.00000   8.641778e-03
 68.00000   1.087298e-01
 69.00000   5.884261e-02
 70.00000   1.777959e-02
 71.00000   1.280763e-01
 72.00000   6.710235e-02
 73.00000   1.873570e-02
 74.00000   9.644105e-02
 75.00000   4.761896e-02
 76.00000   8.660384e-03
 77.00000   4.843789e-02
 78.00000   6.984216e-03
 79.00000   3.694179e-02
 80.00000   9.458393e-02
 81.00000   3.130510e-02
 82.00000   7.488707e-03
 83.00000   4.410322e-02
 84.00000   1.478488e-02
 85.00000   2.150503e-02
 86.00000   4.692132e-02
 87.00000   1.331331e-02
 88.00000   1.878895e-02
 89.00000   4.804938e-02
 90.00000   2.023938e-02
 91.00000   2.312827e-04
 92.00000   6.591380e-03
 93.00000   1.197804e-03
 94.00000   8.403176e-03
 95.00000   1.450929e-02
 96.00000   6.214709e-03
 97.00000   1.029587e-02
 98.00000   1.283076e-02
 99.00000   7.794582e-03
100.00000   1.123284e-02
101.00000   9.186964e-03
102.00000   6.151947e-03
103.00000   1.433994e-02
104.00000   1.117102e-02
105.00000   9.588364e-04
106.00000   3.680077e-03
107.00000   5.770741e-03
108.00000   5.470267e-03
109.00000   1.084119e-02
110.00000   1.029426e-02
111.00000   6.593219e-03
112.00000   9.646010e-03
113.00000   1.081130e-02
114.00000   7.255373e-03
115.00000   3.683059e-03
116.00000   7.414378e-04
117.00000   1.820065e-03
118.00000   2.814205e-03
119.00000   1.794237e-03
120.00000   8.016314e-03
121.00000   1.222217e-02
122.00000   7.090774e-03
123.00000   1.052259e-02
124.00000   1.747114e-02
125.00000   1.215134e-02
126.00000   1.003167e-02
127.00000   1.101129e-02
128.00000   2.514416e-03
129.00000   5.197248e-03
130.00000   1.446344e-02
131.00000   6.197201e-03
132.00000   2.609464e-03
133.00000   1.118228e-02
134.00000   9.668407e-03
135.00000   9.471594e-03
136.00000   1.081109e-02
137.00000   6.451060e-03
138.00000   1.849648e-02
139.00000   2.432068e-02
140.00000   4.579287e-03
141.00000   4.277241e-03
142.00000   1.076077e-02
143.00000   2.003972e-03
144.00000   2.366927e-02
145.00000   3.614217e-02
146.00000   7.477383e-03
147.00000   2.176569e-02
148.00000   4.865251e-02
149.00000   2.056903e-02
150.00000   9.757187e-03
151.00000   1.986943e-02
152.00000   2.226526e-03
153.00000   2.690772e-02
154.00000   5.323574e-02
155.00000   1.499887e-02
156.00000   5.496509e-03
157.00000   2.327318e-02
158.00000   6.536593e-03
159.00000   2.117617e-02
160.00000   3.010969e-02
161.00000   5.288453e-03
162.00000   4.418101e-02
163.00000   6.540289e-02
164.00000   1.133424e-02
165.00000   1.560254e-02
166.00000   3.217353e-02
167.00000   2.829494e-03
168.00000   4.722774e-02
169.00000   7.067476e-02
170.00000   1.142532e-02
171.00000   3.557937e-02
172.00000   7.370587e-02
173.00000   1.943701e-02
174.00000   1.006413e-02
175.00000   3.179408e-02
176.00000   1.730321e-03
177.00000   3.534673e-02
178.00000   7.300953e-02
179.00000   2.659666e-02
180.00000   1.082922e-02
181.00000   2.800282e-02
182.00000   5.141843e-03
183.00000   1.583748e-02
184.00000   3.541942e-02
185.00000   2.189889e-02
186.00000   4.133900e-02
187.00000   5.724376e-02
188.00000   2.345701e-02
189.00000   2.136395e-02
190.00000   2.959186e-02
191.00000   1.144303e-02
192.00000   3.485855e-02
193.00000   5.752619e-02
194.00000   2.501924e-02
195.00000   2.549423e-02
196.00000   5.366365e-02
197.00000   3.111142e-02
198.00000   5.644889e-03
199.00000   2.075512e-02
200.00000   1.850520e-02
