 61.23201   2.515003e-01
 62.76281   2.624803e-01
 64.29361   2.571503e-01
 65.82441   2.544403e-01
 67.35521   2.665503e-01
 68.88601   2.600603e-01
 70.41681   2.444603e-01
 71.94761   2.247003e-01
 73.47841   1.877203e-01
 75.00921   1.515003e-01
 76.54001   1.364703e-01
 78.07081   1.077703e-01
 79.60161   8.418032e-02
 81.13241   6.963032e-02
 82.66321   5.295032e-02
 84.19401   4.816032e-02
 85.72481   5.549032e-02
 87.25561   5.163032e-02
 88.78641   4.948032e-02
 90.31721   5.745032e-02
 91.84801   5.785032e-02
 93.37882   5.629032e-02
 94.90962   5.819032e-02
 96.44042   6.903032e-02
 97.97122   8.404032e-02
 99.50202   1.006103e-01
101.03282   1.125103e-01
102.56362   1.125003e-01
104.09442   1.067103e-01
105.62522   1.092303e-01
107.15602   1.104603e-01
108.68682   8.846032e-02
110.21762   8.355032e-02
111.74842   7.891032e-02
113.27922   6.476032e-02
114.81002   5.316032e-02
116.34082   4.499032e-02
117.87162   3.815032e-02
119.40242   3.856356e-02
120.93322   3.577360e-02
122.46402   3.167363e-02
123.99482   3.352367e-02
125.52562   3.586371e-02
127.05642   3.356375e-02
128.58722   3.397380e-02
130.11802   3.492384e-02
131.64882   3.161388e-02
133.17962   3.133393e-02
134.71042   3.079397e-02
136.24122   2.794402e-02
137.77202   2.657407e-02
139.30282   2.361411e-02
140.83362   2.321416e-02
142.36442   2.517421e-02
143.89522   2.321426e-02
145.42602   1.936432e-02
146.95682   1.759437e-02
148.48762   1.820442e-02
150.01842   1.912448e-02
151.54922   1.998873e-02
153.08002   2.323102e-02
154.61083   2.725333e-02
156.14163   2.882566e-02
157.67243   2.862801e-02
159.20323   2.731038e-02
160.73403   2.449278e-02
162.26483   2.211520e-02
163.79563   2.313642e-02
165.32643   2.587597e-02
166.85723   2.719555e-02
168.38803   2.998517e-02
169.91883   3.379482e-02
171.44963   3.577451e-02
172.98043   3.639424e-02
174.51123   3.732837e-02
176.04203   4.309880e-02
177.57283   5.019923e-02
179.10363   5.432967e-02
180.63443   5.842010e-02
182.16523   6.131054e-02
183.69603   6.107097e-02
185.22683   5.965140e-02
186.75763   5.674184e-02
188.28843   5.451227e-02
189.81923   5.621271e-02
191.35003   6.327314e-02
192.88083   7.636358e-02
194.41163   9.423401e-02
195.94243   1.149944e-01
197.47323   1.349849e-01
199.00403   1.533153e-01
200.53483   1.684358e-01
202.06563   1.774162e-01
203.59643   1.806566e-01
205.12723   1.865571e-01
206.65803   2.048475e-01
208.18883   2.664779e-01
209.71963   4.093884e-01
211.25043   5.922388e-01
212.78123   7.495692e-01
214.31203   8.523197e-01
215.84284   9.100701e-01
217.37364   9.411105e-01
218.90444   9.581110e-01
220.43524   9.687414e-01
221.96604   9.755519e-01
223.49684   9.792523e-01
225.02764   9.815427e-01
226.55844   9.837132e-01
228.08924   9.862136e-01
229.62004   9.881540e-01
231.15084   9.890145e-01
232.68164   9.895649e-01
234.21244   9.900754e-01
235.74324   9.902558e-01
237.27404   9.901462e-01
238.80484   9.901767e-01
240.33564   9.907071e-01
241.86644   9.908975e-01
243.39724   9.909980e-01
244.92804   9.909384e-01
246.45884   9.907389e-01
247.98964   9.909693e-01
249.52044   9.907197e-01
251.05124   9.907402e-01
252.58204   9.912906e-01
254.11284   9.916010e-01
255.64364   9.918315e-01
257.17444   9.918419e-01
258.70524   9.918724e-01
260.23604   9.914528e-01
261.76684   9.910832e-01
263.29764   9.914737e-01
264.82844   9.918241e-01
266.35924   9.918946e-01
267.89004   9.916250e-01
269.42084   9.919954e-01
270.95164   9.923359e-01
272.48244   9.918463e-01
274.01324   9.921677e-01
275.54404   9.923254e-01
277.07485   9.918532e-01
278.60565   9.913510e-01
280.13645   9.910789e-01
281.66725   9.912767e-01
283.19805   9.914946e-01
284.72885   9.910726e-01
286.25965   9.903905e-01
287.79045   9.900285e-01
289.32125   9.901965e-01
290.85205   9.904246e-01
292.38285   9.901826e-01
293.91365   9.901108e-01
295.44445   9.903089e-01
296.97525   9.897035e-01
298.50605   9.893935e-01
300.03685   9.898135e-01
301.56765   9.896935e-01
303.09845   9.894635e-01
304.62925   9.895635e-01
306.16005   9.897035e-01
307.69085   9.897835e-01
309.22165   9.900335e-01
310.75245   9.898335e-01
312.28325   9.898835e-01
313.81405   9.903635e-01
315.34485   9.902235e-01
316.87565   9.901535e-01
318.40645   9.902235e-01
319.93725   9.902935e-01
321.46805   9.903335e-01
322.99885   9.902835e-01
324.52965   9.898835e-01
326.06045   9.891435e-01
327.59125   9.893635e-01
329.12205   9.897035e-01
330.65285   9.895835e-01
332.18365   9.897835e-01
333.71445   9.900735e-01
335.24525   9.900435e-01
336.77605   9.898635e-01
338.30686   9.900635e-01
339.83766   9.901635e-01
341.36846   9.902935e-01
342.89926   9.904235e-01
344.43006   9.904635e-01
345.96086   9.902135e-01
347.49166   9.900235e-01
349.02246   9.901835e-01
350.55326   9.901156e-01
352.08406   9.900707e-01
353.61486   9.896959e-01
355.14566   9.893010e-01
356.67646   9.894962e-01
358.20726   9.896414e-01
359.73806   9.897166e-01
361.26886   9.892418e-01
