 61.23201   3.221839e-03
 62.76281   3.221839e-03
 64.29361   3.221839e-03
 65.82441   3.221839e-03
 67.35521   3.221839e-03
 68.88601   3.221839e-03
 70.41681   3.221839e-03
 71.94761   3.221839e-03
 73.47841   3.221839e-03
 75.00921   3.221839e-03
 76.54001   3.221839e-03
 78.07081   3.221839e-03
 79.60161   3.221839e-03
 81.13241   3.221839e-03
 82.66321   3.221839e-03
 84.19401   3.221839e-03
 85.72481   3.221839e-03
 87.25561   3.221839e-03
 88.78641   3.221839e-03
 90.31721   3.221839e-03
 91.84801   3.221839e-03
 93.37882   3.221839e-03
 94.90962   3.221839e-03
 96.44042   3.221839e-03
 97.97122   3.221839e-03
 99.50202   3.221839e-03
101.03282   3.221839e-03
102.56362   3.221839e-03
104.09442   3.221839e-03
105.62522   3.221839e-03
107.15602   3.221839e-03
108.68682   3.221839e-03
110.21762   3.221839e-03
111.74842   3.221839e-03
113.27922   3.221839e-03
114.81002   3.221839e-03
116.34082   3.221839e-03
117.87162   3.221839e-03
119.40242   3.252414e-03
120.93322   3.286643e-03
122.46402   3.320871e-03
123.99482   3.355097e-03
125.52562   3.389323e-03
127.05642   3.423547e-03
128.58722   3.457770e-03
130.11802   3.491992e-03
131.64882   3.526213e-03
133.17962   3.560432e-03
134.71042   3.594651e-03
136.24122   3.628868e-03
137.77202   3.663084e-03
139.30282   3.697299e-03
140.83362   3.731513e-03
142.36442   3.765725e-03
143.89522   3.799936e-03
145.42602   3.834147e-03
146.95682   3.868356e-03
148.48762   3.902563e-03
150.01842   3.936770e-03
151.54922   4.103251e-03
153.08002   4.271977e-03
154.61083   4.440677e-03
156.14163   4.609346e-03
157.67243   4.777987e-03
159.20323   4.946599e-03
160.73403   5.115183e-03
162.26483   5.283738e-03
163.79563   5.476496e-03
165.32643   5.694006e-03
166.85723   5.911468e-03
168.38803   6.128883e-03
169.91883   6.346251e-03
171.44963   6.563570e-03
172.98043   6.780843e-03
174.51123   6.810389e-03
176.04203   6.821313e-03
177.57283   6.832236e-03
179.10363   6.843159e-03
180.63443   6.854083e-03
182.16523   6.865006e-03
183.69603   6.875929e-03
185.22683   6.886851e-03
186.75763   6.897774e-03
188.28843   6.908697e-03
189.81923   6.919619e-03
191.35003   6.930541e-03
192.88083   6.941464e-03
194.41163   6.952386e-03
195.94243   6.963308e-03
197.47323   6.974230e-03
199.00403   6.985151e-03
200.53483   6.996073e-03
202.06563   7.006994e-03
203.59643   7.017916e-03
205.12723   7.028837e-03
206.65803   7.039758e-03
208.18883   7.050679e-03
209.71963   7.061600e-03
211.25043   7.072521e-03
212.78123   7.083442e-03
214.31203   7.094362e-03
215.84284   7.105283e-03
217.37364   7.116203e-03
218.90444   7.127123e-03
220.43524   7.138043e-03
221.96604   7.148963e-03
223.49684   7.159883e-03
225.02764   7.170803e-03
226.55844   7.181722e-03
228.08924   7.192642e-03
229.62004   7.203561e-03
231.15084   7.214480e-03
232.68164   7.225399e-03
234.21244   7.236318e-03
235.74324   7.247237e-03
237.27404   7.258156e-03
238.80484   7.269074e-03
240.33564   7.279993e-03
241.86644   7.290911e-03
243.39724   7.301829e-03
244.92804   7.312748e-03
246.45884   7.323666e-03
247.98964   7.334583e-03
249.52044   7.345501e-03
251.05124   7.356419e-03
252.58204   7.367336e-03
254.11284   7.378254e-03
255.64364   7.389171e-03
257.17444   7.400088e-03
258.70524   7.411005e-03
260.23604   7.421922e-03
261.76684   7.432839e-03
263.29764   7.443756e-03
264.82844   7.454672e-03
266.35924   7.465589e-03
267.89004   7.476505e-03
269.42084   7.487421e-03
270.95164   7.498337e-03
272.48244   7.509253e-03
274.01324   7.599022e-03
275.54404   7.795690e-03
277.07485   7.992320e-03
278.60565   8.188910e-03
280.13645   8.385461e-03
281.66725   8.581973e-03
283.19805   8.778447e-03
284.72885   8.974881e-03
286.25965   9.171276e-03
287.79045   9.367632e-03
289.32125   9.563950e-03
290.85205   9.760228e-03
292.38285   9.956468e-03
293.91365   1.015267e-02
295.44445   1.034883e-02
296.97525   1.037785e-02
298.50605   1.037785e-02
300.03685   1.037785e-02
301.56765   1.037785e-02
303.09845   1.037785e-02
304.62925   1.037785e-02
306.16005   1.037785e-02
307.69085   1.037785e-02
309.22165   1.037785e-02
310.75245   1.037785e-02
312.28325   1.037785e-02
313.81405   1.037785e-02
315.34485   1.037785e-02
316.87565   1.037785e-02
318.40645   1.037785e-02
319.93725   1.037785e-02
321.46805   1.037785e-02
322.99885   1.037785e-02
324.52965   1.037785e-02
326.06045   1.037785e-02
327.59125   1.037785e-02
329.12205   1.037785e-02
330.65285   1.037785e-02
332.18365   1.037785e-02
333.71445   1.037785e-02
335.24525   1.037785e-02
336.77605   1.037785e-02
338.30686   1.037785e-02
339.83766   1.037785e-02
341.36846   1.037785e-02
342.89926   1.037785e-02
344.43006   1.037785e-02
345.96086   1.037785e-02
347.49166   1.037785e-02
349.02246   1.037785e-02
350.55326   1.052377e-02
352.08406   1.067772e-02
353.61486   1.083164e-02
355.14566   1.098554e-02
356.67646   1.113941e-02
358.20726   1.129326e-02
359.73806   1.144708e-02
361.26886   1.160089e-02
