 61.23201   3.290504e-02
 62.76281   2.376504e-02
 64.29361   1.805504e-02
 65.82441   5.675040e-03
 67.35521   1.267504e-02
 68.88601   2.687504e-02
 70.41681   2.609504e-02
 71.94761   4.036504e-02
 73.47841   4.902504e-02
 75.00921   4.138504e-02
 76.54001   4.440504e-02
 78.07081   5.818504e-02
 79.60161   6.387504e-02
 81.13241   6.403504e-02
 82.66321   6.720504e-02
 84.19401   6.513504e-02
 85.72481   5.869504e-02
 87.25561   5.012504e-02
 88.78641   3.955504e-02
 90.31727   3.374504e-02
 91.84807   2.128504e-02
 93.37888   1.587504e-02
 94.90968   1.351504e-02
 96.44048   1.014504e-02
 97.97128   1.308504e-02
 99.50208   2.568504e-02
101.03288   4.193504e-02
102.56368   4.651504e-02
104.09448   4.067504e-02
105.62528   4.034504e-02
107.15608   5.955504e-02
108.68688   7.839504e-02
110.21768   7.998504e-02
111.74848   7.752504e-02
113.27928   7.385504e-02
114.81008   6.296504e-02
116.34088   5.099504e-02
117.87168   4.545504e-02
119.40248   5.306837e-02
120.93328   5.073732e-02
122.46408   3.413628e-02
123.99488   2.054523e-02
125.52568   2.338419e-02
127.05648   2.304315e-02
128.58728   1.753211e-02
130.11808   2.549107e-02
131.64888   3.810004e-02
133.17968   4.167900e-02
134.71048   4.000797e-02
136.24128   4.387694e-02
137.77208   5.169591e-02
139.30288   5.425488e-02
140.83368   5.308386e-02
142.36448   5.576283e-02
143.89528   5.799181e-02
145.42608   5.130079e-02
146.95688   4.470977e-02
148.48768   4.141875e-02
150.01848   3.659774e-02
151.54928   2.953811e-02
153.08008   2.526581e-02
154.61089   2.303355e-02
156.14169   2.050133e-02
157.67249   2.088915e-02
159.20329   2.326701e-02
160.73409   2.310492e-02
162.26489   2.302286e-02
163.79569   2.949180e-02
165.32649   3.610108e-02
166.85729   3.598043e-02
168.38809   3.528984e-02
169.91889   4.307933e-02
171.44969   4.978888e-02
172.98049   4.514851e-02
174.51129   3.997311e-02
176.04209   4.001002e-02
177.57289   3.914693e-02
179.10369   3.241384e-02
180.63449   2.832075e-02
182.16529   3.312766e-02
183.69609   3.651457e-02
185.22689   3.098148e-02
186.75769   2.189839e-02
188.28849   1.930530e-02
189.81929   2.265221e-02
191.35009   2.160912e-02
192.88089   2.131604e-02
194.41169   3.118295e-02
195.94249   4.033986e-02
197.47329   3.647677e-02
199.00409   2.564368e-02
200.53489   2.252060e-02
202.06569   3.032751e-02
203.59649   3.349442e-02
205.12729   2.895133e-02
206.65809   3.030825e-02
208.18889   3.727516e-02
209.71969   3.626207e-02
211.25049   2.682899e-02
212.78129   2.117590e-02
214.31209   2.558282e-02
215.84290   3.299973e-02
217.37370   3.698664e-02
218.90450   3.763356e-02
220.43530   4.109047e-02
221.96610   4.656739e-02
223.49690   4.708430e-02
225.02770   4.462122e-02
226.55850   4.598813e-02
228.08930   4.905505e-02
229.62010   4.912197e-02
231.15090   4.828888e-02
232.68170   4.779580e-02
234.21250   4.688271e-02
235.74330   4.591963e-02
237.27410   4.495655e-02
238.80490   4.250346e-02
240.33570   3.865038e-02
241.86650   3.503730e-02
243.39730   3.296421e-02
244.92810   3.214113e-02
246.45890   3.184805e-02
247.98970   3.312497e-02
249.52050   3.474189e-02
251.05130   3.347880e-02
252.58210   3.070572e-02
254.11290   3.178264e-02
255.64370   3.346956e-02
257.17450   3.278648e-02
258.70530   3.474340e-02
260.23610   4.002032e-02
261.76690   4.303724e-02
263.29770   4.058415e-02
264.82850   3.946107e-02
266.35930   4.289799e-02
267.89010   4.457491e-02
269.42090   4.151183e-02
270.95170   4.220876e-02
272.48250   4.900568e-02
274.01330   4.938811e-02
275.54410   4.298247e-02
277.07491   3.962689e-02
278.60571   4.406136e-02
280.13651   4.702589e-02
281.66731   4.324048e-02
283.19811   4.348512e-02
284.72891   5.066982e-02
286.25971   5.181458e-02
287.79051   4.762939e-02
289.32131   4.724426e-02
290.85211   5.233918e-02
292.38291   5.619416e-02
293.91371   5.441919e-02
295.44451   5.410428e-02
296.97531   5.704953e-02
298.50611   5.640953e-02
300.03691   5.239953e-02
301.56771   4.814953e-02
303.09851   4.670953e-02
304.62931   4.809953e-02
306.16011   4.935953e-02
307.69091   5.081953e-02
309.22171   5.292953e-02
310.75251   5.517953e-02
312.28331   5.817953e-02
313.81411   6.172953e-02
315.34491   6.580953e-02
316.87571   6.975953e-02
318.40651   7.604953e-02
319.93731   8.332953e-02
321.46811   8.709953e-02
322.99891   8.701953e-02
324.52971   8.642953e-02
326.06051   8.865953e-02
327.59131   9.192953e-02
329.12211   9.340953e-02
330.65291   9.293953e-02
332.18371   9.387953e-02
333.71451   9.764953e-02
335.24531   1.019395e-01
336.77611   1.087595e-01
338.30691   1.186795e-01
339.83772   1.300195e-01
341.36852   1.400295e-01
342.89932   1.458695e-01
344.43012   1.493095e-01
345.96092   1.499995e-01
347.49172   1.482495e-01
349.02252   1.456095e-01
350.55332   1.412348e-01
352.08412   1.355905e-01
353.61492   1.299561e-01
355.14572   1.265919e-01
356.67652   1.267076e-01
358.20732   1.308934e-01
359.73812   1.408593e-01
361.26892   1.547151e-01
362.79972   1.700510e-01
364.33052   1.868370e-01
365.86132   2.044429e-01
367.39212   2.214689e-01
368.92292   2.369550e-01
370.45372   2.506310e-01
371.98452   2.653272e-01
373.51532   2.841033e-01
375.04612   3.088695e-01
376.57692   3.423257e-01
378.10772   3.841612e-01
379.63852   4.323933e-01
381.16932   4.837555e-01
382.70012   5.333376e-01
384.23092   5.795998e-01
385.76172   6.219219e-01
387.29252   6.621541e-01
388.82332   6.998562e-01
390.35412   7.355284e-01
391.88492   7.694305e-01
393.41572   7.996727e-01
394.94652   8.255949e-01
396.47732   8.475470e-01
398.00812   8.673892e-01
399.53892   8.858413e-01
401.06973   9.028935e-01
402.60053   9.183257e-01
404.13133   9.315078e-01
405.66213   9.420600e-01
407.19293   9.504922e-01
408.72373   9.576543e-01
410.25453   9.629565e-01
411.78533   9.664787e-01
413.31613   9.691565e-01
414.84693   9.708503e-01
416.37773   9.719843e-01
417.90853   9.733482e-01
419.43933   9.743822e-01
420.97013   9.749862e-01
422.50093   9.757202e-01
424.03173   9.762843e-01
425.56253   9.764984e-01
427.09333   9.765825e-01
428.62413   9.765566e-01
430.15493   9.768208e-01
431.68573   9.767750e-01
433.21653   9.769592e-01
434.74733   9.773335e-01
436.27813   9.774277e-01
437.80893   9.776220e-01
439.33973   9.776564e-01
440.87053   9.774707e-01
442.40133   9.771051e-01
443.93213   9.766821e-01
445.46293   9.767680e-01
446.99373   9.770938e-01
448.52453   9.774796e-01
450.05533   9.777054e-01
451.58613   9.774712e-01
453.11693   9.771971e-01
454.64773   9.771929e-01
456.17853   9.771187e-01
457.70933   9.772946e-01
459.24013   9.774404e-01
460.77093   9.774062e-01
462.30174   9.773121e-01
463.83254   9.770679e-01
465.36334   9.769438e-01
466.89414   9.769796e-01
468.42494   9.767255e-01
469.95574   9.764413e-01
471.48654   9.764072e-01
473.01734   9.765630e-01
474.54814   9.765650e-01
476.07894   9.763805e-01
477.60974   9.761961e-01
479.14054   9.762417e-01
480.67134   9.761874e-01
482.20214   9.755931e-01
483.73294   9.751189e-01
485.26374   9.749247e-01
486.79454   9.747205e-01
488.32534   9.744364e-01
489.85614   9.742323e-01
491.38694   9.741582e-01
492.91774   9.739142e-01
494.44854   9.737102e-01
495.97934   9.734563e-01
497.51014   9.732124e-01
499.04094   9.728085e-01
500.57174   9.726640e-01
502.10254   9.729440e-01
503.63334   9.728540e-01
505.16414   9.728840e-01
506.69494   9.729540e-01
508.22574   9.730040e-01
509.75654   9.728540e-01
511.28734   9.726940e-01
512.81814   9.730140e-01
514.34894   9.731140e-01
515.87974   9.730740e-01
517.41054   9.733840e-01
518.94134   9.734940e-01
520.47214   9.734240e-01
522.00294   9.735340e-01
523.53375   9.736540e-01
525.06455   9.735840e-01
526.59535   9.734640e-01
528.12615   9.734640e-01
529.65695   9.734440e-01
531.18775   9.735240e-01
532.71855   9.732205e-01
534.24935   9.727938e-01
535.78015   9.724972e-01
537.31095   9.722007e-01
538.84175   9.720942e-01
540.37255   9.717678e-01
541.90335   9.715915e-01
543.43415   9.714452e-01
544.96495   9.709789e-01
546.49575   9.704328e-01
548.02655   9.695466e-01
549.55735   9.684906e-01
551.08815   9.675246e-01
552.61895   9.651986e-01
554.14975   9.594527e-01
555.68055   9.523669e-01
557.21135   9.480911e-01
558.74215   9.533554e-01
560.27295   9.610356e-01
561.80375   9.650756e-01
563.33455   9.663156e-01
564.86535   9.673356e-01
566.39615   9.681456e-01
567.92695   9.687156e-01
569.45775   9.690156e-01
570.98855   9.691056e-01
572.51935   9.692956e-01
574.05015   9.691956e-01
575.58095   9.693456e-01
577.11175   9.696056e-01
578.64255   9.696856e-01
580.17335   9.697856e-01
581.70415   9.698356e-01
583.23495   9.700656e-01
584.76576   9.700656e-01
586.29656   9.699556e-01
587.82736   9.700456e-01
589.35816   9.700205e-01
590.88896   9.698106e-01
592.41976   9.695808e-01
593.95056   9.694510e-01
595.48136   9.694812e-01
597.01216   9.693314e-01
598.54296   9.690017e-01
600.07376   9.685720e-01
