 61.23201   2.090882e-01
 62.76281   2.163982e-01
 64.29361   1.796682e-01
 65.82441   9.671816e-02
 67.35521   1.008482e-01
 68.88601   1.564082e-01
 70.41681   1.553782e-01
 71.94761   1.396582e-01
 73.47841   1.357282e-01
 75.00921   1.104282e-01
 76.54001   1.066682e-01
 78.07081   9.425816e-02
 79.60161   4.697816e-02
 81.13241   4.698816e-02
 82.66321   7.415816e-02
 84.19401   6.179816e-02
 85.72481   3.299816e-02
 87.25561   4.591816e-02
 88.78641   5.738816e-02
 90.31721   4.550816e-02
 91.84801   5.867816e-02
 93.37882   8.350816e-02
 94.90962   7.377816e-02
 96.44042   6.204816e-02
 97.97122   6.953816e-02
 99.50202   5.506816e-02
101.03282   5.037816e-02
102.56362   6.553816e-02
104.09442   7.324816e-02
105.62522   6.147816e-02
107.15602  -1.121839e-03
108.68682   8.488161e-03
110.21762   1.904816e-02
111.74842   2.769816e-02
113.27922   3.341816e-02
114.81002   1.926816e-02
116.34082   1.542816e-02
117.87162   1.511816e-02
119.40242   2.516759e-02
120.93322   3.027336e-02
122.46402   3.464913e-02
123.99482   2.314490e-02
125.52562   2.469068e-02
127.05642   3.173645e-02
128.58722   2.289223e-02
130.11802   1.474801e-02
131.64882   8.523787e-03
133.17962   6.439568e-03
134.71042   6.515349e-03
136.24122   1.012113e-02
137.77202   1.023692e-02
139.30282   1.284270e-02
140.83362   1.701849e-02
142.36442   1.550427e-02
143.89522   1.716006e-02
145.42602   1.836585e-02
146.95682   1.209164e-02
148.48762   1.249744e-02
150.01842   1.146323e-02
151.54922   1.076675e-02
153.08002   1.247802e-02
154.61083   1.405932e-02
156.14163   2.021065e-02
157.67243   2.424201e-02
159.20323   2.948340e-02
160.73403   3.647482e-02
162.26483   4.285626e-02
163.79563   5.165350e-02
165.32643   5.603599e-02
166.85723   5.896853e-02
168.38803   5.459112e-02
169.91883   4.498375e-02
171.44963   4.521643e-02
172.98043   4.826916e-02
174.51123   4.959961e-02
176.04203   5.630869e-02
177.57283   7.289776e-02
179.10363   9.553684e-02
180.63443   1.206259e-01
182.16523   1.443450e-01
183.69603   1.610641e-01
185.22683   1.668631e-01
186.75763   1.721622e-01
188.28843   1.901913e-01
189.81923   2.784404e-01
191.35003   4.375095e-01
192.88083   6.142585e-01
194.41163   7.652176e-01
195.94243   8.595567e-01
197.47323   9.128758e-01
199.00403   9.412248e-01
200.53483   9.559539e-01
202.06563   9.673130e-01
203.59643   9.752921e-01
205.12723   9.789412e-01
206.65803   9.815802e-01
208.18883   9.831993e-01
209.71963   9.853484e-01
211.25043   9.876075e-01
212.78123   9.893066e-01
214.31203   9.895156e-01
215.84284   9.884847e-01
217.37364   9.892638e-01
218.90444   9.904629e-01
220.43524   9.904420e-01
221.96604   9.906710e-01
223.49684   9.911401e-01
225.02764   9.908192e-01
226.55844   9.898183e-01
228.08924   9.902074e-01
229.62004   9.910964e-01
231.15084   9.908055e-01
232.68164   9.904046e-01
234.21244   9.905737e-01
235.74324   9.910028e-01
237.27404   9.917618e-01
238.80484   9.914309e-01
240.33564   9.917400e-01
241.86644   9.921691e-01
243.39724   9.918682e-01
244.92804   9.920573e-01
246.45884   9.913663e-01
247.98964   9.913154e-01
249.52044   9.923345e-01
251.05124   9.918036e-01
252.58204   9.908727e-01
254.11284   9.915317e-01
255.64364   9.915408e-01
257.17444   9.912299e-01
258.70524   9.916190e-01
260.23604   9.910681e-01
261.76684   9.909872e-01
263.29764   9.911762e-01
264.82844   9.893953e-01
266.35924   9.905644e-01
267.89004   9.925235e-01
269.42084   9.919426e-01
270.95164   9.910517e-01
272.48244   9.913107e-01
274.01324   9.920210e-01
275.54404   9.914843e-01
277.07485   9.912577e-01
278.60565   9.905811e-01
280.13645   9.902145e-01
281.66725   9.894780e-01
283.19805   9.884016e-01
284.72885   9.885751e-01
286.25965   9.896587e-01
287.79045   9.897124e-01
289.32125   9.881161e-01
290.85205   9.877298e-01
292.38285   9.893135e-01
293.91365   9.897473e-01
295.44445   9.888912e-01
296.97525   9.884421e-01
298.50605   9.877921e-01
300.03685   9.881721e-01
301.56765   9.883821e-01
303.09845   9.889121e-01
304.62925   9.891421e-01
306.16005   9.892821e-01
307.69085   9.891921e-01
309.22165   9.889221e-01
310.75245   9.889421e-01
312.28325   9.887821e-01
313.81405   9.892321e-01
315.34485   9.888221e-01
316.87565   9.886121e-01
318.40645   9.887521e-01
319.93725   9.883121e-01
321.46805   9.878921e-01
322.99885   9.880721e-01
324.52965   9.888221e-01
326.06045   9.888521e-01
327.59125   9.890721e-01
329.12205   9.894221e-01
330.65285   9.884221e-01
332.18365   9.885121e-01
333.71445   9.889021e-01
335.24525   9.888521e-01
336.77605   9.889821e-01
338.30686   9.886221e-01
339.83766   9.881421e-01
341.36846   9.889121e-01
342.89926   9.889921e-01
344.43006   9.889921e-01
345.96086   9.889221e-01
347.49166   9.886921e-01
349.02246   9.888821e-01
350.55326   9.894362e-01
352.08406   9.893223e-01
353.61486   9.889184e-01
355.14566   9.890145e-01
356.67646   9.888606e-01
358.20726   9.872167e-01
359.73806   9.860629e-01
361.26886   9.861191e-01
