 61.23201   2.819677e-03
 62.76281   2.819677e-03
 64.29361   2.819677e-03
 65.82441   2.819677e-03
 67.35521   2.819677e-03
 68.88601   2.819677e-03
 70.41681   2.819677e-03
 71.94761   2.819677e-03
 73.47841   2.819677e-03
 75.00921   2.819677e-03
 76.54001   2.819677e-03
 78.07081   2.819677e-03
 79.60161   2.819677e-03
 81.13241   2.819677e-03
 82.66321   2.819677e-03
 84.19401   2.819677e-03
 85.72481   2.819677e-03
 87.25561   2.819677e-03
 88.78641   2.819677e-03
 90.31721   2.819677e-03
 91.84801   2.819677e-03
 93.37882   2.819677e-03
 94.90962   2.819677e-03
 96.44042   2.819677e-03
 97.97122   2.819677e-03
 99.50202   2.819677e-03
101.03282   2.819677e-03
102.56362   2.819677e-03
104.09442   2.819677e-03
105.62522   2.819677e-03
107.15602   2.819677e-03
108.68682   2.819677e-03
110.21762   2.819677e-03
111.74842   2.819677e-03
113.27922   2.819677e-03
114.81002   2.819677e-03
116.34082   2.819677e-03
117.87162   2.819677e-03
119.40242   2.846441e-03
120.93322   2.876404e-03
122.46402   2.906366e-03
123.99482   2.936327e-03
125.52562   2.966286e-03
127.05642   2.996245e-03
128.58722   3.026204e-03
130.11802   3.056161e-03
131.64882   3.086117e-03
133.17962   3.116073e-03
134.71042   3.146027e-03
136.24122   3.175981e-03
137.77202   3.205933e-03
139.30282   3.235885e-03
140.83362   3.265836e-03
142.36442   3.295786e-03
143.89522   3.325735e-03
145.42602   3.355683e-03
146.95682   3.385631e-03
148.48762   3.415577e-03
150.01842   3.445523e-03
151.54922   3.591267e-03
153.08002   3.738980e-03
154.61083   3.886672e-03
156.14163   4.034342e-03
157.67243   4.181989e-03
159.20323   4.329615e-03
160.73403   4.477219e-03
162.26483   4.624801e-03
163.79563   4.793578e-03
165.32643   4.984032e-03
166.85723   5.174450e-03
168.38803   5.364832e-03
169.91883   5.555177e-03
171.44963   5.745486e-03
172.98043   5.935758e-03
174.51123   5.961634e-03
176.04203   5.971200e-03
177.57283   5.980766e-03
179.10363   5.990332e-03
180.63443   5.999898e-03
182.16523   6.009464e-03
183.69603   6.019030e-03
185.22683   6.028595e-03
186.75763   6.038161e-03
188.28843   6.047727e-03
189.81923   6.057292e-03
191.35003   6.066857e-03
192.88083   6.076423e-03
194.41163   6.085988e-03
195.94243   6.095553e-03
197.47323   6.105118e-03
199.00403   6.114683e-03
200.53483   6.124248e-03
202.06563   6.133812e-03
203.59643   6.143377e-03
205.12723   6.152941e-03
206.65803   6.162506e-03
208.18883   6.172070e-03
209.71963   6.181634e-03
211.25043   6.191199e-03
212.78123   6.200763e-03
214.31203   6.210327e-03
215.84284   6.219891e-03
217.37364   6.229454e-03
218.90444   6.239018e-03
220.43524   6.248582e-03
221.96604   6.258145e-03
223.49684   6.267709e-03
225.02764   6.277272e-03
226.55844   6.286835e-03
228.08924   6.296398e-03
229.62004   6.305961e-03
231.15084   6.315524e-03
232.68164   6.325087e-03
234.21244   6.334650e-03
235.74324   6.344213e-03
237.27404   6.353775e-03
238.80484   6.363338e-03
240.33564   6.372900e-03
241.86644   6.382462e-03
243.39724   6.392025e-03
244.92804   6.401587e-03
246.45884   6.411149e-03
247.98964   6.420711e-03
249.52044   6.430272e-03
251.05124   6.439834e-03
252.58204   6.449396e-03
254.11284   6.458957e-03
255.64364   6.468519e-03
257.17444   6.478080e-03
258.70524   6.487642e-03
260.23604   6.497203e-03
261.76684   6.506764e-03
263.29764   6.516325e-03
264.82844   6.525886e-03
266.35924   6.535447e-03
267.89004   6.545007e-03
269.42084   6.554568e-03
270.95164   6.564129e-03
272.48244   6.573689e-03
274.01324   6.652311e-03
275.54404   6.824562e-03
277.07485   6.996784e-03
278.60565   7.168975e-03
280.13645   7.341136e-03
281.66725   7.513267e-03
283.19805   7.685369e-03
284.72885   7.857441e-03
286.25965   8.029482e-03
287.79045   8.201494e-03
289.32125   8.373476e-03
290.85205   8.545429e-03
292.38285   8.717351e-03
293.91365   8.889244e-03
295.44445   9.061107e-03
296.97525   9.086536e-03
298.50605   9.086536e-03
300.03685   9.086536e-03
301.56765   9.086536e-03
303.09845   9.086536e-03
304.62925   9.086536e-03
306.16005   9.086536e-03
307.69085   9.086536e-03
309.22165   9.086536e-03
310.75245   9.086536e-03
312.28325   9.086536e-03
313.81405   9.086536e-03
315.34485   9.086536e-03
316.87565   9.086536e-03
318.40645   9.086536e-03
319.93725   9.086536e-03
321.46805   9.086536e-03
322.99885   9.086536e-03
324.52965   9.086536e-03
326.06045   9.086536e-03
327.59125   9.086536e-03
329.12205   9.086536e-03
330.65285   9.086536e-03
332.18365   9.086536e-03
333.71445   9.086536e-03
335.24525   9.086536e-03
336.77605   9.086536e-03
338.30686   9.086536e-03
339.83766   9.086536e-03
341.36846   9.086536e-03
342.89926   9.086536e-03
344.43006   9.086536e-03
345.96086   9.086536e-03
347.49166   9.086536e-03
349.02246   9.086536e-03
350.55326   9.214382e-03
352.08406   9.349263e-03
353.61486   9.484126e-03
355.14566   9.618971e-03
356.67646   9.753798e-03
358.20726   9.888606e-03
359.73806   1.002340e-02
361.26886   1.015817e-02
