 61.23201   3.864960e-03
 62.76281   3.864960e-03
 64.29361   3.864960e-03
 65.82441   3.864960e-03
 67.35521   3.864960e-03
 68.88601   3.864960e-03
 70.41681   3.864960e-03
 71.94761   3.864960e-03
 73.47841   3.864960e-03
 75.00921   3.864960e-03
 76.54001   3.864960e-03
 78.07081   3.864960e-03
 79.60161   3.864960e-03
 81.13241   3.864960e-03
 82.66321   3.864960e-03
 84.19401   3.864960e-03
 85.72481   3.864960e-03
 87.25561   3.864960e-03
 88.78641   3.864960e-03
 90.31727   3.864960e-03
 91.84807   3.864960e-03
 93.37888   3.864960e-03
 94.90968   3.864960e-03
 96.44048   3.864960e-03
 97.97128   3.864960e-03
 99.50208   3.864960e-03
101.03288   3.864960e-03
102.56368   3.864960e-03
104.09448   3.864960e-03
105.62528   3.864960e-03
107.15608   3.864960e-03
108.68688   3.864960e-03
110.21768   3.864960e-03
111.74848   3.864960e-03
113.27928   3.864960e-03
114.81008   3.864960e-03
116.34088   3.864960e-03
117.87168   3.864960e-03
119.40248   3.901628e-03
120.93328   3.942676e-03
122.46408   3.983722e-03
123.99488   4.024766e-03
125.52568   4.065809e-03
127.05648   4.106850e-03
128.58728   4.147890e-03
130.11808   4.188927e-03
131.64888   4.229963e-03
133.17968   4.270998e-03
134.71048   4.312030e-03
136.24128   4.353061e-03
137.77208   4.394091e-03
139.30288   4.435118e-03
140.83368   4.476144e-03
142.36448   4.517168e-03
143.89528   4.558191e-03
145.42608   4.599212e-03
146.95688   4.640231e-03
148.48768   4.681248e-03
150.01848   4.722264e-03
151.54928   4.921886e-03
153.08008   5.124188e-03
154.61089   5.326451e-03
156.14169   5.528671e-03
157.67249   5.730849e-03
159.20329   5.932987e-03
160.73409   6.135084e-03
162.26489   6.337139e-03
163.79569   6.568201e-03
165.32649   6.828921e-03
166.85729   7.089572e-03
168.38809   7.350155e-03
169.91889   7.610670e-03
171.44969   7.871116e-03
172.98049   8.131494e-03
174.51129   8.166892e-03
176.04209   8.179982e-03
177.57289   8.193072e-03
179.10369   8.206162e-03
180.63449   8.219252e-03
182.16529   8.232342e-03
183.69609   8.245431e-03
185.22689   8.258520e-03
186.75769   8.271609e-03
188.28849   8.284698e-03
189.81929   8.297787e-03
191.35009   8.310876e-03
192.88089   8.323964e-03
194.41169   8.337052e-03
195.94249   8.350140e-03
197.47329   8.363228e-03
199.00409   8.376316e-03
200.53489   8.389404e-03
202.06569   8.402491e-03
203.59649   8.415578e-03
205.12729   8.428665e-03
206.65809   8.441752e-03
208.18889   8.454839e-03
209.71969   8.467925e-03
211.25049   8.481012e-03
212.78129   8.494098e-03
214.31209   8.507184e-03
215.84290   8.520270e-03
217.37370   8.533356e-03
218.90450   8.546441e-03
220.43530   8.559526e-03
221.96610   8.572611e-03
223.49690   8.585696e-03
225.02770   8.598781e-03
226.55850   8.611866e-03
228.08930   8.624950e-03
229.62010   8.638035e-03
231.15090   8.651119e-03
232.68170   8.664203e-03
234.21250   8.677286e-03
235.74330   8.690370e-03
237.27410   8.703453e-03
238.80490   8.716537e-03
240.33570   8.729620e-03
241.86650   8.742703e-03
243.39730   8.755785e-03
244.92810   8.768868e-03
246.45890   8.781950e-03
247.98970   8.795032e-03
249.52050   8.808114e-03
251.05130   8.821196e-03
252.58210   8.834278e-03
254.11290   8.847360e-03
255.64370   8.860441e-03
257.17450   8.873522e-03
258.70530   8.886603e-03
260.23610   8.899684e-03
261.76690   8.912765e-03
263.29770   8.925845e-03
264.82850   8.938925e-03
266.35930   8.952005e-03
267.89010   8.965085e-03
269.42090   8.978165e-03
270.95170   8.991245e-03
272.48250   9.004324e-03
274.01330   9.111892e-03
275.54410   9.347529e-03
277.07491   9.583112e-03
278.60571   9.818637e-03
280.13651   1.005411e-02
281.66731   1.028952e-02
283.19811   1.052488e-02
284.72891   1.076018e-02
286.25971   1.099542e-02
287.79051   1.123061e-02
289.32131   1.146574e-02
290.85211   1.170082e-02
292.38291   1.193584e-02
293.91371   1.217081e-02
295.44451   1.240572e-02
296.97531   1.244047e-02
298.50611   1.244047e-02
300.03691   1.244047e-02
301.56771   1.244047e-02
303.09851   1.244047e-02
304.62931   1.244047e-02
306.16011   1.244047e-02
307.69091   1.244047e-02
309.22171   1.244047e-02
310.75251   1.244047e-02
312.28331   1.244047e-02
313.81411   1.244047e-02
315.34491   1.244047e-02
316.87571   1.244047e-02
318.40651   1.244047e-02
319.93731   1.244047e-02
321.46811   1.244047e-02
322.99891   1.244047e-02
324.52971   1.244047e-02
326.06051   1.244047e-02
327.59131   1.244047e-02
329.12211   1.244047e-02
330.65291   1.244047e-02
332.18371   1.244047e-02
333.71451   1.244047e-02
335.24531   1.244047e-02
336.77611   1.244047e-02
338.30691   1.244047e-02
339.83772   1.244047e-02
341.36852   1.244047e-02
342.89932   1.244047e-02
344.43012   1.244047e-02
345.96092   1.244047e-02
347.49172   1.244047e-02
349.02252   1.244047e-02
350.55332   1.261521e-02
352.08412   1.279955e-02
353.61492   1.298385e-02
355.14572   1.316813e-02
356.67652   1.335236e-02
358.20732   1.353657e-02
359.73812   1.372074e-02
361.26892   1.390487e-02
362.79972   1.408897e-02
364.33052   1.427304e-02
365.86132   1.445707e-02
367.39212   1.464106e-02
368.92292   1.482503e-02
370.45372   1.500895e-02
371.98452   1.519285e-02
373.51532   1.537671e-02
375.04612   1.556053e-02
376.57692   1.574432e-02
378.10772   1.587879e-02
379.63852   1.591665e-02
381.16932   1.595451e-02
382.70012   1.599236e-02
384.23092   1.603021e-02
385.76172   1.606806e-02
387.29252   1.610591e-02
388.82332   1.614376e-02
390.35412   1.618161e-02
391.88492   1.621946e-02
393.41572   1.625730e-02
394.94652   1.629514e-02
396.47732   1.633298e-02
398.00812   1.637082e-02
399.53892   1.640866e-02
401.06973   1.644650e-02
402.60053   1.648433e-02
404.13133   1.652217e-02
405.66213   1.656000e-02
407.19293   1.659783e-02
408.72373   1.663566e-02
410.25453   1.667349e-02
411.78533   1.671131e-02
413.31613   1.684355e-02
414.84693   1.700966e-02
416.37773   1.717574e-02
417.90853   1.734180e-02
419.43933   1.750782e-02
420.97013   1.767382e-02
422.50093   1.783979e-02
424.03173   1.800574e-02
425.56253   1.817165e-02
427.09333   1.833754e-02
428.62413   1.850340e-02
430.15493   1.866923e-02
431.68573   1.883503e-02
433.21653   1.900080e-02
434.74733   1.916655e-02
436.27813   1.933227e-02
437.80893   1.949796e-02
439.33973   1.966362e-02
440.87053   1.982926e-02
442.40133   1.999486e-02
443.93213   2.014786e-02
445.46293   2.019205e-02
446.99373   2.023623e-02
448.52453   2.028041e-02
450.05533   2.032458e-02
451.58613   2.036876e-02
453.11693   2.041293e-02
454.64773   2.045710e-02
456.17853   2.050127e-02
457.70933   2.054544e-02
459.24013   2.058960e-02
460.77093   2.063376e-02
462.30174   2.067793e-02
463.83254   2.072208e-02
465.36334   2.076624e-02
466.89414   2.081040e-02
468.42494   2.085455e-02
469.95574   2.089870e-02
471.48654   2.094285e-02
473.01734   2.098700e-02
474.54814   2.114505e-02
476.07894   2.133949e-02
477.60974   2.153389e-02
479.14054   2.172826e-02
480.67134   2.192258e-02
482.20214   2.211687e-02
483.73294   2.231112e-02
485.26374   2.250533e-02
486.79454   2.269950e-02
488.32534   2.289363e-02
489.85614   2.308773e-02
491.38694   2.328178e-02
492.91774   2.347580e-02
494.44854   2.366978e-02
495.97934   2.386372e-02
497.51014   2.405762e-02
499.04094   2.425149e-02
500.57174   2.441603e-02
502.10254   2.441603e-02
503.63334   2.441603e-02
505.16414   2.441603e-02
506.69494   2.441603e-02
508.22574   2.441603e-02
509.75654   2.441603e-02
511.28734   2.441603e-02
512.81814   2.441603e-02
514.34894   2.441603e-02
515.87974   2.441603e-02
517.41054   2.441603e-02
518.94134   2.441603e-02
520.47214   2.441603e-02
522.00294   2.441603e-02
523.53375   2.441603e-02
525.06455   2.441603e-02
526.59535   2.441603e-02
528.12615   2.441603e-02
529.65695   2.441603e-02
531.18775   2.441603e-02
532.71855   2.463955e-02
534.24935   2.487619e-02
535.78015   2.511277e-02
537.31095   2.534929e-02
538.84175   2.558576e-02
540.37255   2.582217e-02
541.90335   2.605852e-02
543.43415   2.629482e-02
544.96495   2.653106e-02
546.49575   2.676724e-02
548.02655   2.700336e-02
549.55735   2.723942e-02
551.08815   2.747543e-02
552.61895   2.771138e-02
554.14975   2.794728e-02
555.68055   2.818311e-02
557.21135   2.841889e-02
558.74215   2.865462e-02
560.27295   2.868440e-02
561.80375   2.868440e-02
563.33455   2.868440e-02
564.86535   2.868440e-02
566.39615   2.868440e-02
567.92695   2.868440e-02
569.45775   2.868440e-02
570.98855   2.868440e-02
572.51935   2.868440e-02
574.05015   2.868440e-02
575.58095   2.868440e-02
577.11175   2.868440e-02
578.64255   2.868440e-02
580.17335   2.868440e-02
581.70415   2.868440e-02
583.23495   2.868440e-02
584.76576   2.868440e-02
586.29656   2.868440e-02
587.82736   2.868440e-02
589.35816   2.883948e-02
590.88896   2.901936e-02
592.41976   2.919921e-02
593.95056   2.937903e-02
595.48136   2.955881e-02
597.01216   2.973856e-02
598.54296   2.991827e-02
600.07376   3.009796e-02
