 65.00000   8.383426e-02
 65.05000   8.443265e-02
 65.10000   8.281104e-02
 65.15000   8.367943e-02
 65.20000   8.157782e-02
 65.25000   8.135621e-02
 65.30000   8.054460e-02
 65.35000   8.068299e-02
 65.40000   8.111138e-02
 65.45000   7.879976e-02
 65.50000   7.389815e-02
 65.55000   7.791654e-02
 65.60000   7.730493e-02
 65.65000   7.870332e-02
 65.70000   7.562171e-02
 65.75000   7.783010e-02
 65.80000   7.779849e-02
 65.85000   7.597688e-02
 65.90000   7.684527e-02
 65.95000   7.515366e-02
 66.00000   7.441205e-02
 66.05000   7.216044e-02
 66.10000   7.214883e-02
 66.15000   7.014722e-02
 66.20000   6.711561e-02
 66.25000   6.764400e-02
 66.30000   6.685239e-02
 66.35000   6.615078e-02
 66.40000   6.457917e-02
 66.45000   6.373756e-02
 66.50000   6.305595e-02
 66.55000   6.165434e-02
 66.60000   6.136273e-02
 66.65000   5.920112e-02
 66.70000   5.808951e-02
 66.75000   5.833790e-02
 66.80000   5.619628e-02
 66.85000   5.452467e-02
 66.90000   5.194306e-02
 66.95000   5.136145e-02
 67.00000   4.977984e-02
 67.05000   4.735823e-02
 67.10000   4.589662e-02
 67.15000   4.375501e-02
 67.20000   4.284340e-02
 67.25000   4.118179e-02
 67.30000   3.885018e-02
 67.35000   3.756857e-02
 67.40000   3.555696e-02
 67.45000   3.496535e-02
 67.50000   3.249374e-02
 67.55000   3.049213e-02
 67.60000   2.923052e-02
 67.65000   2.775891e-02
 67.70000   2.663730e-02
 67.75000   2.474569e-02
 67.80000   2.307408e-02
 67.85000   2.197247e-02
 67.90000   2.015086e-02
 67.95000   1.946925e-02
 68.00000   1.698764e-02
 68.05000   1.643603e-02
 68.10000   1.558442e-02
 68.15000   1.430281e-02
 68.20000   1.324120e-02
 68.25000   1.171959e-02
 68.30000   1.092798e-02
 68.35000   1.021637e-02
 68.40000   8.874756e-03
 68.45000   8.163146e-03
 68.50000   6.881535e-03
 68.55000   6.019925e-03
 68.60000   5.318315e-03
 68.65000   3.916705e-03
 68.70000   3.445094e-03
 68.75000   2.473484e-03
 68.80000   2.131874e-03
 68.85000   1.110264e-03
 68.90000   4.986535e-04
 68.95000   3.970433e-04
 69.00000  -1.245669e-04
 69.05000  -7.061771e-04
 69.10000  -3.777873e-04
 69.15000  -1.319398e-03
 69.20000  -1.381008e-03
 69.25000  -2.232618e-03
 69.30000  -2.174228e-03
 69.35000  -2.235838e-03
 69.40000  -2.237448e-03
 69.45000  -2.239059e-03
 69.50000  -2.240669e-03
 69.55000  -2.242279e-03
 69.60000  -1.883889e-03
 69.65000  -1.945499e-03
 69.70000  -1.447110e-03
 69.75000  -1.108720e-03
 69.80000  -3.403299e-04
 69.85000   1.280599e-04
 69.90000   6.964497e-04
 69.95000   1.294840e-03
 70.00000   2.113229e-03
 70.05000   2.891619e-03
 70.10000   3.780009e-03
 70.15000   4.268399e-03
 70.20000   5.306789e-03
 70.25000   6.555179e-03
 70.30000   7.573569e-03
 70.35000   8.851958e-03
 70.40000   1.000035e-02
 70.45000   1.137874e-02
 70.50000   1.268713e-02
 70.55000   1.382552e-02
 70.60000   1.525391e-02
 70.65000   1.642230e-02
 70.70000   1.786069e-02
 70.75000   1.947908e-02
 70.80000   2.054747e-02
 70.85000   2.204586e-02
 70.90000   2.325425e-02
 70.95000   2.463264e-02
 71.00000   2.585103e-02
 71.05000   2.699942e-02
 71.10000   2.850781e-02
 71.15000   2.993620e-02
 71.20000   3.146459e-02
 71.25000   3.303298e-02
 71.30000   3.409137e-02
 71.35000   3.571976e-02
 71.40000   3.683815e-02
 71.45000   3.810654e-02
 71.50000   3.934493e-02
 71.55000   4.046332e-02
 71.60000   4.187171e-02
 71.65000   4.322010e-02
 71.70000   4.439849e-02
 71.75000   4.552688e-02
 71.80000   4.690527e-02
 71.85000   4.831366e-02
 71.90000   4.940205e-02
 71.95000   5.066044e-02
 72.00000   5.208883e-02
 72.05000   5.336722e-02
 72.10000   5.486561e-02
 72.15000   5.618399e-02
 72.20000   5.721238e-02
 72.25000   5.843077e-02
 72.30000   5.958916e-02
 72.35000   6.057755e-02
 72.40000   6.157594e-02
 72.45000   6.255433e-02
 72.50000   6.384272e-02
 72.55000   6.481111e-02
 72.60000   6.583950e-02
 72.65000   6.654789e-02
 72.70000   6.735628e-02
 72.75000   6.820467e-02
 72.80000   6.894306e-02
 72.85000   6.982145e-02
 72.90000   7.065984e-02
 72.95000   7.143823e-02
 73.00000   7.227662e-02
 73.05000   7.284501e-02
 73.10000   7.331340e-02
 73.15000   7.368179e-02
 73.20000   7.411018e-02
 73.25000   7.433857e-02
 73.30000   7.458696e-02
 73.35000   7.488535e-02
 73.40000   7.499374e-02
 73.45000   7.498213e-02
 73.50000   7.488052e-02
 73.55000   7.481891e-02
 73.60000   7.462730e-02
 73.65000   7.446569e-02
 73.70000   7.431408e-02
 73.75000   7.413247e-02
 73.80000   7.410086e-02
 73.85000   7.400925e-02
 73.90000   7.358764e-02
 73.95000   7.315603e-02
 74.00000   7.273443e-02
 74.05000   7.235282e-02
 74.10000   7.166121e-02
 74.15000   7.098960e-02
 74.20000   7.042799e-02
 74.25000   6.993638e-02
 74.30000   6.936477e-02
 74.35000   6.877316e-02
 74.40000   6.800155e-02
 74.45000   6.734994e-02
 74.50000   6.652833e-02
 74.55000   6.570672e-02
 74.60000   6.481511e-02
 74.65000   6.398350e-02
 74.70000   6.321189e-02
 74.75000   6.229028e-02
 74.80000   6.120867e-02
 74.85000   6.004706e-02
 74.90000   5.893545e-02
 74.95000   5.790384e-02
 75.00000   5.684223e-02
 75.05000   5.567062e-02
 75.10000   5.453901e-02
 75.15000   5.357740e-02
 75.20000   5.244579e-02
 75.25000   5.130418e-02
 75.30000   5.012257e-02
 75.35000   4.876096e-02
 75.40000   4.749935e-02
 75.45000   4.610774e-02
 75.50000   4.468613e-02
 75.55000   4.304452e-02
 75.60000   4.166291e-02
 75.65000   4.043130e-02
 75.70000   3.894969e-02
 75.75000   3.749808e-02
 75.80000   3.636647e-02
 75.85000   3.516486e-02
 75.90000   3.382325e-02
 75.95000   3.287164e-02
 76.00000   3.186003e-02
 76.05000   3.060842e-02
 76.10000   2.955681e-02
 76.15000   2.866520e-02
 76.20000   2.731359e-02
 76.25000   2.593198e-02
 76.30000   2.490037e-02
 76.35000   2.345876e-02
 76.40000   2.186715e-02
 76.45000   2.068554e-02
 76.50000   1.916393e-02
 76.55000   1.772232e-02
 76.60000   1.639071e-02
 76.65000   1.518910e-02
 76.70000   1.374749e-02
 76.75000   1.230588e-02
 76.80000   1.120427e-02
 76.85000   9.952662e-03
 76.90000   8.661052e-03
 76.95000   7.629442e-03
 77.00000   6.647833e-03
 77.05000   5.806223e-03
 77.10000   4.684613e-03
 77.15000   3.813003e-03
 77.20000   3.001393e-03
 77.25000   2.119784e-03
 77.30000   1.428174e-03
 77.35000   7.965642e-04
 77.40000   1.349544e-04
 77.45000  -4.666554e-04
 77.50000  -9.682652e-04
 77.55000  -1.479875e-03
 77.60000  -2.051485e-03
 77.65000  -2.503094e-03
 77.70000  -2.504704e-03
 77.75000  -2.506314e-03
 77.80000  -2.507924e-03
 77.85000  -2.509533e-03
 77.90000  -2.511143e-03
 77.95000  -2.512753e-03
 78.00000  -2.514363e-03
 78.05000  -2.515972e-03
 78.10000  -2.517582e-03
 78.15000  -2.519192e-03
 78.20000  -2.520802e-03
 78.25000  -2.522411e-03
 78.30000  -2.304021e-03
 78.35000  -1.785631e-03
 78.40000  -1.237241e-03
 78.45000  -7.788503e-04
 78.50000  -3.046002e-05
 78.55000   4.879303e-04
 78.60000   8.263205e-04
 78.65000   1.764711e-03
 78.70000   2.663101e-03
 78.75000   3.411491e-03
 78.80000   4.049882e-03
 78.85000   5.338272e-03
 78.90000   6.366662e-03
 78.95000   7.165053e-03
 79.00000   8.293443e-03
 79.05000   9.251833e-03
 79.10000   9.950224e-03
 79.15000   1.136861e-02
 79.20000   1.261700e-02
 79.25000   1.334539e-02
 79.30000   1.418378e-02
 79.35000   1.560218e-02
 79.40000   1.627057e-02
 79.45000   1.706896e-02
 79.50000   1.808735e-02
 79.55000   1.920574e-02
 79.60000   2.023413e-02
 79.65000   2.158252e-02
 79.70000   2.247091e-02
 79.75000   2.306930e-02
 79.80000   2.409769e-02
 79.85000   2.526608e-02
 79.90000   2.577447e-02
 79.95000   2.662286e-02
 80.00000   2.766125e-02
 80.05000   2.877964e-02
 80.10000   2.977803e-02
 80.15000   3.070642e-02
 80.20000   3.167481e-02
 80.25000   3.282320e-02
 80.30000   3.418159e-02
 80.35000   3.545998e-02
 80.40000   3.627837e-02
 80.45000   3.776676e-02
 80.50000   3.905515e-02
 80.55000   4.028354e-02
 80.60000   4.154193e-02
 80.65000   4.257032e-02
 80.70000   4.358871e-02
 80.75000   4.475711e-02
 80.80000   4.607550e-02
 80.85000   4.683389e-02
 80.90000   4.764228e-02
 80.95000   4.899067e-02
 81.00000   4.984906e-02
 81.05000   5.083745e-02
 81.10000   5.175584e-02
 81.15000   5.253423e-02
 81.20000   5.328262e-02
 81.25000   5.437101e-02
 81.30000   5.505940e-02
 81.35000   5.550779e-02
 81.40000   5.644618e-02
 81.45000   5.710457e-02
 81.50000   5.765296e-02
 81.55000   5.817135e-02
 81.60000   5.862974e-02
 81.65000   5.898813e-02
 81.70000   5.943652e-02
 81.75000   6.011491e-02
 81.80000   6.009330e-02
 81.85000   6.039169e-02
 81.90000   6.104009e-02
 81.95000   6.130848e-02
 82.00000   6.125687e-02
 82.05000   6.154526e-02
 82.10000   6.203365e-02
 82.15000   6.173204e-02
 82.20000   6.195043e-02
 82.25000   6.257882e-02
 82.30000   6.214721e-02
 82.35000   6.219560e-02
 82.40000   6.231399e-02
 82.45000   6.171238e-02
 82.50000   6.068077e-02
 82.55000   6.064916e-02
 82.60000   6.047755e-02
 82.65000   5.896594e-02
 82.70000   5.879433e-02
 82.75000   5.844272e-02
 82.80000   5.711111e-02
 82.85000   5.643950e-02
 82.90000   5.612789e-02
 82.95000   5.553629e-02
 83.00000   5.458468e-02
 83.05000   5.456307e-02
 83.10000   5.406146e-02
 83.15000   5.248985e-02
 83.20000   5.220824e-02
 83.25000   5.146663e-02
 83.30000   5.047502e-02
 83.35000   4.915341e-02
 83.40000   4.864180e-02
 83.45000   4.778019e-02
 83.50000   4.633858e-02
 83.55000   4.582697e-02
 83.60000   4.501536e-02
 83.65000   4.377375e-02
 83.70000   4.330214e-02
 83.75000   4.248053e-02
 83.80000   4.162892e-02
 83.85000   4.038732e-02
 83.90000   3.985571e-02
 83.95000   3.886410e-02
 84.00000   3.751249e-02
 84.05000   3.676088e-02
 84.10000   3.574927e-02
 84.15000   3.478766e-02
 84.20000   3.369605e-02
 84.25000   3.266444e-02
 84.30000   3.175283e-02
 84.35000   3.053122e-02
 84.40000   2.959961e-02
 84.45000   2.845800e-02
 84.50000   2.737639e-02
 84.55000   2.636478e-02
 84.60000   2.534317e-02
 84.65000   2.435156e-02
 84.70000   2.297996e-02
 84.75000   2.209835e-02
 84.80000   2.087674e-02
 84.85000   1.976513e-02
 84.90000   1.855352e-02
 84.95000   1.765191e-02
 85.00000   1.679030e-02
 85.05000   1.570869e-02
 85.10000   1.485708e-02
 85.15000   1.392547e-02
 85.20000   1.300386e-02
 85.25000   1.213225e-02
 85.30000   1.123064e-02
 85.35000   1.042903e-02
 85.40000   9.397424e-03
 85.45000   9.025814e-03
 85.50000   7.994205e-03
 85.55000   7.432596e-03
 85.60000   6.630986e-03
 85.65000   6.289377e-03
 85.70000   5.417768e-03
 85.75000   4.856158e-03
 85.80000   4.284549e-03
 85.85000   3.672940e-03
 85.90000   3.241330e-03
 85.95000   2.959721e-03
 86.00000   2.368112e-03
 86.05000   2.136502e-03
 86.10000   1.574893e-03
 86.15000   1.363284e-03
 86.20000   5.216744e-04
 86.25000   6.000650e-04
 86.30000   9.845573e-05
 86.35000   1.268464e-04
 86.40000  -2.476289e-05
 86.45000  -6.372192e-06
 86.50000  -6.798149e-05
 86.55000  -1.195908e-04
 86.60000  -3.120009e-05
 86.65000   4.719061e-05
 86.70000   1.055813e-04
 86.75000   5.039720e-04
 86.80000   5.323627e-04
 86.85000   8.307535e-04
 86.90000   1.019144e-03
 86.95000   1.337535e-03
 87.00000   1.465926e-03
 87.05000   1.704316e-03
 87.10000   2.162707e-03
 87.15000   2.531098e-03
 87.20000   3.029489e-03
 87.25000   3.577879e-03
 87.30000   4.066270e-03
 87.35000   4.594661e-03
 87.40000   5.223052e-03
 87.45000   5.821442e-03
 87.50000   6.299833e-03
 87.55000   6.888224e-03
 87.60000   7.656615e-03
 87.65000   8.365005e-03
 87.70000   8.963396e-03
 87.75000   9.641787e-03
 87.80000   1.040018e-02
 87.85000   1.119857e-02
 87.90000   1.187696e-02
 87.95000   1.247535e-02
 88.00000   1.309374e-02
 88.05000   1.388213e-02
 88.10000   1.464052e-02
 88.15000   1.534891e-02
 88.20000   1.605730e-02
 88.25000   1.688569e-02
 88.30000   1.773409e-02
 88.35000   1.858248e-02
 88.40000   1.932087e-02
 88.45000   2.015926e-02
 88.50000   2.120765e-02
 88.55000   2.234604e-02
 88.60000   2.323443e-02
 88.65000   2.422282e-02
 88.70000   2.527121e-02
 88.75000   2.636960e-02
 88.80000   2.733799e-02
 88.85000   2.828638e-02
 88.90000   2.930478e-02
 88.95000   3.022317e-02
 89.00000   3.134156e-02
 89.05000   3.232995e-02
 89.10000   3.306834e-02
 89.15000   3.398673e-02
 89.20000   3.484512e-02
 89.25000   3.580351e-02
 89.30000   3.634190e-02
 89.35000   3.705029e-02
 89.40000   3.798868e-02
 89.45000   3.857707e-02
 89.50000   3.947547e-02
 89.55000   3.986386e-02
 89.60000   4.073225e-02
 89.65000   4.132064e-02
 89.70000   4.194903e-02
 89.75000   4.260742e-02
 89.80000   4.291581e-02
 89.85000   4.359420e-02
 89.90000   4.427259e-02
 89.95000   4.460098e-02
 90.00000   4.513937e-02
 90.05000   4.522776e-02
 90.10000   4.614616e-02
 90.15000   4.619455e-02
 90.20000   4.648294e-02
 90.25000   4.677133e-02
 90.30000   4.701972e-02
 90.35000   4.754811e-02
 90.40000   4.771650e-02
 90.45000   4.783489e-02
 90.50000   4.811328e-02
 90.55000   4.813167e-02
 90.60000   4.862006e-02
 90.65000   4.830846e-02
 90.70000   4.823685e-02
 90.75000   4.841524e-02
 90.80000   4.833363e-02
 90.85000   4.858202e-02
 90.90000   4.789041e-02
 90.95000   4.806880e-02
 91.00000   4.771719e-02
 91.05000   4.770558e-02
 91.10000   4.728397e-02
 91.15000   4.666236e-02
 91.20000   4.653076e-02
 91.25000   4.630915e-02
 91.30000   4.593754e-02
 91.35000   4.557593e-02
 91.40000   4.483432e-02
 91.45000   4.479271e-02
 91.50000   4.397110e-02
 91.55000   4.391949e-02
 91.60000   4.270788e-02
 91.65000   4.246627e-02
 91.70000   4.206467e-02
 91.75000   4.178306e-02
 91.80000   4.105145e-02
 91.85000   4.033984e-02
 91.90000   3.988823e-02
 91.95000   3.941662e-02
 92.00000   3.861501e-02
 92.05000   3.808340e-02
 92.10000   3.728179e-02
 92.15000   3.688018e-02
 92.20000   3.633858e-02
 92.25000   3.563697e-02
 92.30000   3.452536e-02
 92.35000   3.378375e-02
 92.40000   3.301214e-02
 92.45000   3.248053e-02
 92.50000   3.110892e-02
 92.55000   3.048731e-02
 92.60000   2.957570e-02
 92.65000   2.892409e-02
 92.70000   2.798249e-02
 92.75000   2.702088e-02
 92.80000   2.617927e-02
 92.85000   2.535766e-02
 92.90000   2.463605e-02
 92.95000   2.390444e-02
 93.00000   2.264283e-02
 93.05000   2.210122e-02
 93.10000   2.106961e-02
 93.15000   2.062800e-02
 93.20000   1.901640e-02
 93.25000   1.838479e-02
 93.30000   1.744318e-02
 93.35000   1.657157e-02
 93.40000   1.567996e-02
 93.45000   1.478835e-02
 93.50000   1.404674e-02
 93.55000   1.327513e-02
 93.60000   1.253352e-02
 93.65000   1.212191e-02
 93.70000   1.077031e-02
 93.75000   1.033870e-02
 93.80000   9.727088e-03
 93.85000   8.875479e-03
 93.90000   8.133870e-03
 93.95000   7.442261e-03
 94.00000   7.100653e-03
 94.05000   6.249044e-03
 94.10000   5.797435e-03
 94.15000   5.345826e-03
 94.20000   4.504217e-03
 94.25000   4.312608e-03
 94.30000   4.090999e-03
 94.35000   3.559390e-03
 94.40000   3.237781e-03
 94.45000   2.966172e-03
 94.50000   2.774564e-03
 94.55000   2.222955e-03
 94.60000   2.061346e-03
 94.65000   1.769737e-03
 94.70000   1.518128e-03
 94.75000   1.536519e-03
 94.80000   1.434910e-03
 94.85000   1.313301e-03
 94.90000   1.271693e-03
 94.95000   1.310084e-03
 95.00000   1.328475e-03
 95.05000   1.326866e-03
 95.10000   1.435257e-03
 95.15000   1.523648e-03
 95.20000   1.602039e-03
 95.25000   1.840431e-03
 95.30000   1.908822e-03
 95.35000   2.117213e-03
 95.40000   2.335604e-03
 95.45000   2.573995e-03
 95.50000   2.742386e-03
 95.55000   2.890777e-03
 95.60000   3.099169e-03
 95.65000   3.417560e-03
 95.70000   3.745951e-03
 95.75000   4.104342e-03
 95.80000   4.412733e-03
 95.85000   4.861125e-03
 95.90000   5.229516e-03
 95.95000   5.507907e-03
 96.00000   5.936298e-03
 96.05000   6.454689e-03
 96.10000   6.943080e-03
 96.15000   7.501472e-03
 96.20000   8.009863e-03
 96.25000   8.488254e-03
 96.30000   9.076645e-03
 96.35000   9.645037e-03
 96.40000   1.018343e-02
 96.45000   1.066182e-02
 96.50000   1.151021e-02
 96.55000   1.201860e-02
 96.60000   1.264699e-02
 96.65000   1.341538e-02
 96.70000   1.421378e-02
 96.75000   1.482217e-02
 96.80000   1.550056e-02
 96.85000   1.622895e-02
 96.90000   1.681734e-02
 96.95000   1.741573e-02
 97.00000   1.835412e-02
 97.05000   1.874251e-02
 97.10000   1.953090e-02
 97.15000   2.030930e-02
 97.20000   2.112769e-02
 97.25000   2.157608e-02
 97.30000   2.227447e-02
 97.35000   2.332286e-02
 97.40000   2.382125e-02
 97.45000   2.452964e-02
 97.50000   2.549804e-02
 97.55000   2.577643e-02
 97.60000   2.648482e-02
 97.65000   2.715321e-02
 97.70000   2.748160e-02
 97.75000   2.769999e-02
 97.80000   2.820838e-02
 97.85000   2.917677e-02
 97.90000   2.893517e-02
 97.95000   2.964356e-02
 98.00000   3.035195e-02
 98.05000   3.075034e-02
 98.10000   3.125873e-02
 98.15000   3.183712e-02
 98.20000   3.224551e-02
 98.25000   3.251390e-02
 98.30000   3.309230e-02
 98.35000   3.380069e-02
 98.40000   3.341908e-02
 98.45000   3.418747e-02
 98.50000   3.455586e-02
 98.55000   3.481425e-02
 98.60000   3.476264e-02
 98.65000   3.538103e-02
 98.70000   3.570943e-02
 98.75000   3.582782e-02
 98.80000   3.638621e-02
 98.85000   3.678460e-02
 98.90000   3.669299e-02
 98.95000   3.716138e-02
 99.00000   3.739977e-02
 99.05000   3.739817e-02
 99.10000   3.721656e-02
 99.15000   3.761495e-02
 99.20000   3.751334e-02
 99.25000   3.716173e-02
 99.30000   3.705012e-02
 99.35000   3.686851e-02
 99.40000   3.639691e-02
 99.45000   3.625530e-02
 99.50000   3.618369e-02
 99.55000   3.588208e-02
 99.60000   3.549047e-02
 99.65000   3.539886e-02
 99.70000   3.520725e-02
 99.75000   3.476564e-02
 99.80000   3.462404e-02
 99.85000   3.459243e-02
 99.90000   3.429082e-02
 99.95000   3.397921e-02
100.00000   3.374760e-02
100.05000   3.328599e-02
100.10000   3.273438e-02
100.15000   3.251278e-02
100.20000   3.226117e-02
100.25000   3.169956e-02
100.30000   3.117795e-02
100.35000   3.083634e-02
100.40000   3.032473e-02
100.45000   2.962312e-02
100.50000   2.914152e-02
100.55000   2.860991e-02
100.60000   2.795830e-02
100.65000   2.747669e-02
100.70000   2.689508e-02
100.75000   2.608347e-02
100.80000   2.530186e-02
100.85000   2.485026e-02
100.90000   2.428865e-02
100.95000   2.330704e-02
101.00000   2.266543e-02
101.05000   2.225382e-02
101.10000   2.152221e-02
101.15000   2.077060e-02
101.20000   2.023900e-02
101.25000   1.958739e-02
101.30000   1.882578e-02
101.35000   1.822417e-02
101.40000   1.764256e-02
101.45000   1.671095e-02
101.50000   1.604934e-02
101.55000   1.568774e-02
101.60000   1.491613e-02
101.65000   1.398452e-02
101.70000   1.362291e-02
101.75000   1.313130e-02
101.80000   1.226969e-02
101.85000   1.169809e-02
101.90000   1.134648e-02
101.95000   1.068487e-02
102.00000   1.008326e-02
102.05000   9.841651e-03
102.10000   9.280043e-03
102.15000   8.538434e-03
102.20000   8.296826e-03
102.25000   7.865217e-03
102.30000   7.073609e-03
102.35000   6.652000e-03
102.40000   6.460392e-03
102.45000   5.888783e-03
102.50000   5.357175e-03
102.55000   5.245567e-03
102.60000   4.873958e-03
102.65000   4.332350e-03
102.70000   4.130741e-03
102.75000   3.929133e-03
102.80000   3.547524e-03
102.85000   3.365916e-03
102.90000   3.334307e-03
102.95000   3.032699e-03
103.00000   2.751090e-03
103.05000   2.649482e-03
103.10000   2.367874e-03
103.15000   2.026265e-03
103.20000   2.004657e-03
103.25000   1.963048e-03
103.30000   1.791440e-03
103.35000   1.759831e-03
103.40000   1.858223e-03
103.45000   1.896615e-03
103.50000   1.845006e-03
103.55000   1.913398e-03
103.60000   1.961789e-03
103.65000   2.030181e-03
103.70000   2.168572e-03
103.75000   2.136964e-03
103.80000   2.225356e-03
103.85000   2.323747e-03
103.90000   2.502139e-03
103.95000   2.520530e-03
104.00000   2.558922e-03
104.05000   2.707314e-03
104.10000   3.045705e-03
104.15000   3.384097e-03
104.20000   3.552489e-03
104.25000   3.830880e-03
104.30000   4.309272e-03
104.35000   4.657663e-03
104.40000   4.876055e-03
104.45000   5.064447e-03
104.50000   5.382838e-03
104.55000   5.661230e-03
104.60000   6.119622e-03
104.65000   6.418013e-03
104.70000   6.606405e-03
104.75000   7.034796e-03
104.80000   7.783188e-03
104.85000   8.051580e-03
104.90000   8.499971e-03
104.95000   9.158363e-03
105.00000   9.936755e-03
105.05000   1.048515e-02
105.10000   1.113354e-02
105.15000   1.179193e-02
105.20000   1.217032e-02
105.25000   1.272871e-02
105.30000   1.347710e-02
105.35000   1.363550e-02
105.40000   1.420389e-02
105.45000   1.457228e-02
105.50000   1.539067e-02
105.55000   1.558906e-02
105.60000   1.625745e-02
105.65000   1.685585e-02
105.70000   1.727424e-02
105.75000   1.796263e-02
105.80000   1.853102e-02
105.85000   1.884941e-02
105.90000   1.932781e-02
105.95000   1.953620e-02
106.00000   2.034459e-02
106.05000   2.021298e-02
106.10000   2.070137e-02
106.15000   2.102976e-02
106.20000   2.125816e-02
106.25000   2.175655e-02
106.30000   2.190494e-02
106.35000   2.249333e-02
106.40000   2.286172e-02
106.45000   2.341011e-02
106.50000   2.412851e-02
106.55000   2.424690e-02
106.60000   2.492529e-02
106.65000   2.532368e-02
106.70000   2.562207e-02
106.75000   2.606046e-02
106.80000   2.592886e-02
106.85000   2.656725e-02
106.90000   2.652564e-02
106.95000   2.687403e-02
107.00000   2.694242e-02
107.05000   2.714081e-02
107.10000   2.759921e-02
107.15000   2.767760e-02
107.20000   2.814599e-02
107.25000   2.848438e-02
107.30000   2.867277e-02
107.35000   2.931117e-02
107.40000   2.940956e-02
107.45000   2.958795e-02
107.50000   2.955634e-02
107.55000   2.960473e-02
107.60000   2.946312e-02
107.65000   2.894152e-02
107.70000   2.879991e-02
107.75000   2.829830e-02
107.80000   2.780669e-02
107.85000   2.749508e-02
107.90000   2.694348e-02
107.95000   2.643187e-02
108.00000   2.618026e-02
108.05000   2.584865e-02
108.10000   2.556704e-02
108.15000   2.524543e-02
108.20000   2.523383e-02
108.25000   2.498222e-02
108.30000   2.476061e-02
108.35000   2.443900e-02
108.40000   2.416739e-02
108.45000   2.381579e-02
108.50000   2.352418e-02
108.55000   2.317257e-02
108.60000   2.277096e-02
108.65000   2.244935e-02
108.70000   2.214774e-02
108.75000   2.166614e-02
108.80000   2.126453e-02
108.85000   2.082292e-02
108.90000   2.046131e-02
108.95000   1.998970e-02
109.00000   1.958810e-02
109.05000   1.914649e-02
109.10000   1.871488e-02
109.15000   1.830327e-02
109.20000   1.792166e-02
109.25000   1.741006e-02
109.30000   1.700845e-02
109.35000   1.655684e-02
109.40000   1.617523e-02
109.45000   1.574362e-02
109.50000   1.540201e-02
109.55000   1.508041e-02
109.60000   1.479880e-02
109.65000   1.447719e-02
109.70000   1.419558e-02
109.75000   1.391397e-02
109.80000   1.352237e-02
109.85000   1.319076e-02
109.90000   1.302915e-02
110.00000   1.208593e-02
110.06000   1.153400e-02
110.12000   1.097207e-02
110.18000   1.041014e-02
110.24000   9.758215e-03
110.30000   9.226285e-03
110.36000   8.634355e-03
110.42000   8.032426e-03
110.48000   7.470496e-03
110.54000   7.038566e-03
110.60000   6.526637e-03
110.66000   5.924707e-03
110.72000   5.442778e-03
110.78000   4.930848e-03
110.84000   4.418918e-03
110.90000   4.196989e-03
110.96000   3.745059e-03
111.02000   3.483129e-03
111.08000   3.231200e-03
111.14000   3.009270e-03
111.20000   2.947340e-03
111.26000   2.605411e-03
111.32000   2.523481e-03
111.38000   2.371552e-03
111.44000   2.149622e-03
111.50000   2.057692e-03
111.56000   1.855763e-03
111.62000   1.643833e-03
111.68000   1.601904e-03
111.74000   1.549974e-03
111.80000   1.608044e-03
111.86000   1.636115e-03
111.92000   1.804185e-03
111.98000   1.782256e-03
112.04000   1.870326e-03
112.10000   1.958396e-03
112.16000   2.026467e-03
112.22000   2.134537e-03
112.28000   2.292608e-03
112.34000   2.510678e-03
112.40000   2.758749e-03
112.46000   2.916819e-03
112.52000   3.064890e-03
112.58000   3.392960e-03
112.64000   3.571031e-03
112.70000   3.779101e-03
112.76000   4.247171e-03
112.82000   4.595242e-03
112.88000   4.963312e-03
112.94000   5.441383e-03
113.00000   5.889453e-03
113.06000   6.287524e-03
113.12000   6.775594e-03
113.18000   7.113665e-03
113.24000   7.601735e-03
113.30000   7.979806e-03
113.36000   8.297876e-03
113.42000   8.635947e-03
113.48000   8.604017e-03
113.54000   8.402088e-03
113.60000   8.530158e-03
113.66000   8.508229e-03
113.72000   8.786300e-03
113.78000   9.134370e-03
113.84000   9.442441e-03
113.90000   9.760511e-03
113.96000   1.027858e-02
114.02000   1.061665e-02
114.08000   1.115472e-02
114.14000   1.183279e-02
114.20000   1.263086e-02
114.26000   1.334893e-02
114.32000   1.377701e-02
114.38000   1.413508e-02
114.44000   1.462315e-02
114.50000   1.499122e-02
114.56000   1.518929e-02
114.62000   1.559736e-02
114.68000   1.589543e-02
114.74000   1.592350e-02
114.80000   1.621157e-02
114.86000   1.644964e-02
114.92000   1.665771e-02
114.98000   1.695578e-02
115.04000   1.712385e-02
115.10000   1.729192e-02
115.16000   1.743999e-02
115.22000   1.737806e-02
115.28000   1.749613e-02
115.34000   1.756421e-02
115.40000   1.751228e-02
115.46000   1.774035e-02
115.52000   1.786842e-02
115.58000   1.778649e-02
115.64000   1.780456e-02
115.70000   1.780263e-02
115.76000   1.760070e-02
115.82000   1.747877e-02
115.88000   1.734684e-02
115.94000   1.730491e-02
116.00000   1.724298e-02
116.06000   1.708105e-02
116.12000   1.698912e-02
116.18000   1.682719e-02
116.24000   1.644527e-02
116.30000   1.617334e-02
116.36000   1.591141e-02
116.42000   1.551948e-02
116.48000   1.531755e-02
116.54000   1.501562e-02
116.60000   1.463369e-02
116.66000   1.429176e-02
116.72000   1.381983e-02
116.78000   1.328790e-02
116.84000   1.278597e-02
116.90000   1.219404e-02
116.96000   1.175211e-02
117.02000   1.125018e-02
117.08000   1.057826e-02
117.14000   1.001633e-02
117.20000   9.314397e-03
117.26000   8.522468e-03
117.32000   7.890538e-03
117.38000   7.208609e-03
117.44000   6.566680e-03
117.50000   6.114751e-03
117.56000   5.642821e-03
117.62000   5.160892e-03
117.68000   4.658963e-03
117.74000   4.147034e-03
117.80000   3.745105e-03
117.86000   3.353175e-03
117.92000   2.741246e-03
117.98000   2.459317e-03
118.04000   2.197388e-03
118.10000   1.845459e-03
118.16000   1.563529e-03
118.22000   1.331600e-03
118.28000   1.029671e-03
118.34000   6.577418e-04
118.40000   4.258126e-04
118.46000   2.438834e-04
118.52000   4.195424e-05
118.58000  -1.099749e-04
118.64000  -1.219041e-04
118.70000  -3.138332e-04
118.76000  -4.857624e-04
118.82000  -6.276915e-04
118.88000  -8.196207e-04
118.94000  -9.715498e-04
119.00000  -1.093479e-03
119.06000  -1.105408e-03
119.12000  -1.147337e-03
119.18000  -1.159266e-03
119.24000  -1.221195e-03
119.30000  -1.253125e-03
119.36000  -1.425054e-03
119.42000  -1.506983e-03
119.48000  -1.498912e-03
119.54000  -1.540841e-03
119.60000  -1.532770e-03
119.66000  -1.424699e-03
119.72000  -1.286628e-03
119.78000  -1.378557e-03
119.84000  -1.360487e-03
119.90000  -1.262416e-03
119.96000  -1.354345e-03
120.02000  -1.326274e-03
120.08000  -1.138203e-03
120.14000  -1.010132e-03
120.20000  -8.520610e-04
120.26000  -6.839900e-04
120.32000  -5.159191e-04
120.38000  -3.478481e-04
120.44000  -2.897772e-04
120.50000  -1.317062e-04
120.56000   1.363647e-04
120.62000   2.644357e-04
120.68000   5.625067e-04
120.74000   9.805776e-04
120.80000   1.178649e-03
120.86000   1.366720e-03
120.92000   1.624791e-03
120.98000   1.832862e-03
121.04000   2.110933e-03
121.10000   2.399004e-03
121.16000   2.827075e-03
121.22000   3.325146e-03
121.28000   3.643217e-03
121.34000   4.021288e-03
121.40000   4.439359e-03
121.46000   4.627430e-03
121.52000   4.925501e-03
121.58000   5.273572e-03
121.64000   5.601643e-03
121.70000   5.959714e-03
121.76000   6.407785e-03
121.82000   6.815856e-03
121.88000   7.263927e-03
121.94000   7.521998e-03
122.00000   7.880069e-03
122.06000   8.308140e-03
122.12000   8.606211e-03
122.18000   9.054282e-03
122.24000   9.512353e-03
122.30000   9.910424e-03
122.36000   1.027850e-02
122.42000   1.060657e-02
122.48000   1.077464e-02
122.54000   1.094271e-02
122.60000   1.111078e-02
122.66000   1.126885e-02
122.72000   1.143692e-02
122.78000   1.158499e-02
122.84000   1.178306e-02
122.90000   1.198114e-02
122.96000   1.194921e-02
123.02000   1.199728e-02
123.08000   1.209535e-02
123.14000   1.204342e-02
123.20000   1.212149e-02
123.26000   1.235956e-02
123.32000   1.250763e-02
123.38000   1.264570e-02
123.44000   1.275378e-02
123.50000   1.276185e-02
123.56000   1.280992e-02
123.62000   1.274799e-02
123.68000   1.273606e-02
123.74000   1.280413e-02
123.80000   1.275220e-02
123.86000   1.274027e-02
123.92000   1.270834e-02
123.98000   1.248642e-02
124.04000   1.225449e-02
124.10000   1.211256e-02
124.16000   1.189063e-02
124.22000   1.167870e-02
124.28000   1.150677e-02
124.34000   1.129484e-02
124.40000   1.104291e-02
124.46000   1.074099e-02
124.52000   1.035906e-02
124.58000   9.997127e-03
124.64000   9.595199e-03
124.70000   9.143270e-03
124.76000   8.841341e-03
124.82000   8.479412e-03
124.88000   8.107484e-03
124.94000   7.825555e-03
125.00000   7.453626e-03
125.06000   7.091697e-03
125.12000   6.729768e-03
125.18000   6.307840e-03
125.24000   5.995911e-03
125.30000   5.693982e-03
125.36000   5.342053e-03
125.42000   5.030125e-03
125.48000   4.678196e-03
125.54000   4.246267e-03
125.60000   3.914339e-03
125.66000   3.542410e-03
125.72000   3.190481e-03
125.78000   2.968552e-03
125.84000   2.686624e-03
125.90000   2.454695e-03
125.96000   2.252766e-03
126.02000   1.910838e-03
126.08000   1.558909e-03
126.14000   1.166980e-03
126.20000   7.250515e-04
126.26000   3.531228e-04
126.32000  -2.880589e-05
126.38000  -3.807346e-04
126.44000  -6.626632e-04
126.50000  -9.745919e-04
126.56000  -1.286521e-03
126.62000  -1.578449e-03
126.68000  -1.940378e-03
126.74000  -2.262307e-03
126.80000  -2.514235e-03
126.86000  -2.746164e-03
126.92000  -2.928093e-03
126.98000  -3.090021e-03
127.04000  -3.241950e-03
127.10000  -3.393878e-03
127.16000  -3.595807e-03
127.22000  -3.767736e-03
127.28000  -3.899664e-03
127.34000  -4.001593e-03
127.40000  -3.993522e-03
127.46000  -3.965450e-03
127.52000  -3.947379e-03
127.58000  -3.929307e-03
127.64000  -3.931236e-03
127.70000  -3.943165e-03
127.76000  -3.995093e-03
127.82000  -4.017022e-03
127.88000  -3.938950e-03
127.94000  -3.810879e-03
128.00000  -3.672808e-03
128.06000  -3.494736e-03
128.12000  -3.316665e-03
128.18000  -3.128593e-03
128.24000  -3.000522e-03
128.30000  -2.882450e-03
128.36000  -2.694379e-03
128.42000  -2.466307e-03
128.48000  -2.238236e-03
128.54000  -1.970165e-03
128.60000  -1.722093e-03
128.66000  -1.494022e-03
128.72000  -1.275950e-03
128.78000  -1.057879e-03
128.84000  -8.098072e-04
128.90000  -5.717357e-04
128.96000  -1.936643e-04
129.02000   2.244072e-04
129.08000   6.024787e-04
129.14000   9.805502e-04
129.20000   1.308622e-03
129.26000   1.686693e-03
129.32000   2.014765e-03
129.38000   2.342836e-03
129.44000   2.820908e-03
129.50000   3.358979e-03
129.56000   3.827051e-03
129.62000   4.355122e-03
129.68000   4.823194e-03
129.74000   5.211265e-03
129.80000   5.589337e-03
129.86000   5.967408e-03
129.92000   6.345480e-03
129.98000   6.773551e-03
130.04000   7.191623e-03
130.10000   7.709695e-03
130.16000   8.127766e-03
130.22000   8.475838e-03
130.28000   8.873909e-03
130.34000   9.331981e-03
130.40000   9.750052e-03
130.46000   1.016812e-02
130.52000   1.068620e-02
130.58000   1.124427e-02
130.64000   1.167234e-02
130.70000   1.199041e-02
130.76000   1.240848e-02
130.82000   1.269655e-02
130.88000   1.289463e-02
130.94000   1.326270e-02
131.00000   1.359077e-02
131.06000   1.384884e-02
131.12000   1.423691e-02
131.18000   1.449498e-02
131.24000   1.471305e-02
131.30000   1.491113e-02
131.36000   1.503920e-02
131.42000   1.519727e-02
131.48000   1.528534e-02
131.54000   1.539341e-02
131.60000   1.559148e-02
131.66000   1.566956e-02
131.72000   1.571763e-02
131.78000   1.580570e-02
131.84000   1.579377e-02
131.90000   1.566184e-02
131.96000   1.560991e-02
132.02000   1.561799e-02
132.08000   1.556606e-02
132.14000   1.549413e-02
132.20000   1.552220e-02
132.26000   1.541027e-02
132.32000   1.519834e-02
132.38000   1.497642e-02
132.44000   1.475449e-02
132.50000   1.447256e-02
132.56000   1.417063e-02
132.62000   1.403870e-02
132.68000   1.384677e-02
132.74000   1.351485e-02
132.80000   1.322292e-02
132.86000   1.295099e-02
132.92000   1.252906e-02
132.98000   1.209713e-02
133.04000   1.175521e-02
133.10000   1.143328e-02
133.16000   1.112135e-02
133.22000   1.081942e-02
133.28000   1.050749e-02
133.34000   1.015556e-02
133.40000   9.663636e-03
133.46000   9.221707e-03
133.52000   8.799779e-03
133.58000   8.287851e-03
133.64000   7.885923e-03
133.70000   7.593995e-03
133.76000   7.232066e-03
133.82000   6.830138e-03
133.88000   6.428210e-03
133.94000   6.026282e-03
134.00000   5.584353e-03
134.06000   5.132425e-03
134.12000   4.800497e-03
134.18000   4.488569e-03
134.24000   4.116641e-03
134.30000   3.814713e-03
134.36000   3.472784e-03
134.42000   3.010856e-03
134.48000   2.588928e-03
134.54000   2.147000e-03
134.60000   1.655072e-03
134.66000   1.273143e-03
134.72000   8.612153e-04
134.78000   5.492872e-04
134.84000   1.673590e-04
134.90000  -2.445691e-04
134.96000  -6.564973e-04
135.02000  -1.068425e-03
135.08000  -1.500354e-03
135.14000  -1.842282e-03
135.20000  -2.104210e-03
135.26000  -2.366138e-03
135.32000  -2.558066e-03
135.38000  -2.819994e-03
135.44000  -3.131922e-03
135.50000  -3.403850e-03
135.56000  -3.685779e-03
135.62000  -3.977707e-03
135.68000  -4.179635e-03
135.74000  -4.321563e-03
135.80000  -4.373491e-03
135.86000  -4.375419e-03
135.92000  -4.377347e-03
135.98000  -4.379275e-03
136.04000  -4.381203e-03
136.10000  -4.383131e-03
136.16000  -4.385059e-03
136.22000  -4.386987e-03
136.28000  -4.388916e-03
136.34000  -4.390844e-03
136.40000  -4.392772e-03
136.46000  -4.394700e-03
136.52000  -4.396628e-03
136.58000  -4.398556e-03
136.64000  -4.170484e-03
136.70000  -3.902412e-03
136.76000  -3.594340e-03
136.82000  -3.156268e-03
136.88000  -2.778196e-03
136.94000  -2.540124e-03
137.00000  -2.132052e-03
137.06000  -1.763980e-03
137.12000  -1.565908e-03
137.18000  -1.267836e-03
137.24000  -8.497640e-04
137.30000  -5.016920e-04
137.36000  -1.036200e-04
137.42000   3.144520e-04
137.48000   7.625240e-04
137.54000   1.050596e-03
137.60000   1.298668e-03
137.66000   1.726740e-03
137.72000   2.074812e-03
137.78000   2.342884e-03
137.84000   2.930956e-03
137.90000   3.559028e-03
137.96000   3.957100e-03
138.02000   4.425172e-03
138.08000   4.973244e-03
138.14000   5.431316e-03
138.20000   5.919388e-03
138.26000   6.587460e-03
138.32000   7.175533e-03
138.38000   7.793605e-03
138.44000   8.381677e-03
138.50000   9.019749e-03
138.56000   9.507821e-03
138.62000   9.765893e-03
138.68000   1.026396e-02
138.74000   1.073204e-02
138.80000   1.096011e-02
138.86000   1.126818e-02
138.92000   1.174625e-02
138.98000   1.206433e-02
139.04000   1.223240e-02
139.10000   1.244047e-02
139.16000   1.262854e-02
139.22000   1.269661e-02
139.28000   1.271469e-02
139.34000   1.293276e-02
139.40000   1.326083e-02
139.46000   1.331890e-02
139.52000   1.349697e-02
139.58000   1.384505e-02
139.64000   1.371312e-02
139.70000   1.366119e-02
139.76000   1.374926e-02
139.82000   1.369734e-02
139.88000   1.363541e-02
139.94000   1.362348e-02
140.00000   1.371155e-02
140.06000   1.365962e-02
140.12000   1.341770e-02
140.18000   1.325577e-02
140.24000   1.315384e-02
140.30000   1.276191e-02
140.36000   1.254998e-02
140.42000   1.259806e-02
140.48000   1.237613e-02
140.54000   1.210420e-02
140.60000   1.203227e-02
140.66000   1.180035e-02
140.72000   1.141842e-02
140.78000   1.104649e-02
140.84000   1.085456e-02
140.90000   1.063263e-02
140.96000   1.022071e-02
141.02000   9.958779e-03
141.08000   9.746852e-03
141.14000   9.224924e-03
141.20000   8.702996e-03
141.26000   8.321068e-03
141.32000   7.779140e-03
141.38000   7.207213e-03
141.44000   6.805285e-03
141.50000   6.463357e-03
141.56000   5.961430e-03
141.62000   5.519502e-03
141.68000   5.127574e-03
141.74000   4.665646e-03
141.80000   4.013719e-03
141.86000   3.491791e-03
141.92000   3.089863e-03
141.98000   2.537935e-03
142.04000   2.086008e-03
142.10000   1.794080e-03
142.16000   1.372152e-03
142.22000   7.702247e-04
142.28000   4.082970e-04
142.34000  -4.363069e-05
142.40000  -5.655584e-04
142.46000  -9.974861e-04
142.52000  -1.309414e-03
142.58000  -1.561341e-03
142.64000  -2.013269e-03
142.70000  -2.465197e-03
142.76000  -2.757124e-03
142.82000  -3.169052e-03
142.88000  -3.700980e-03
142.94000  -3.902907e-03
143.00000  -4.184835e-03
143.06000  -4.566763e-03
143.12000  -4.608690e-03
143.18000  -4.610618e-03
143.24000  -4.612546e-03
143.30000  -4.614473e-03
143.36000  -4.616401e-03
143.42000  -4.618328e-03
143.48000  -4.620256e-03
143.54000  -4.622184e-03
143.60000  -4.624111e-03
143.66000  -4.626039e-03
143.72000  -4.627966e-03
143.78000  -4.629894e-03
143.84000  -4.631822e-03
143.90000  -4.633749e-03
143.96000  -4.635677e-03
144.02000  -4.637604e-03
144.08000  -4.639532e-03
144.14000  -4.641460e-03
144.20000  -4.643387e-03
144.26000  -4.645315e-03
144.32000  -4.647242e-03
144.38000  -4.649170e-03
144.44000  -4.651097e-03
144.50000  -4.653025e-03
144.56000  -4.654952e-03
144.62000  -4.656880e-03
144.68000  -4.658808e-03
144.74000  -4.660735e-03
144.80000  -4.662663e-03
144.86000  -4.664590e-03
144.92000  -4.666518e-03
144.98000  -4.628445e-03
145.04000  -4.150373e-03
145.10000  -3.702300e-03
145.16000  -3.224228e-03
145.22000  -2.676155e-03
145.28000  -2.108083e-03
145.34000  -1.630010e-03
145.40000  -1.221938e-03
145.46000  -8.038652e-04
145.52000  -3.557927e-04
145.58000   3.227980e-05
145.64000   5.003523e-04
145.70000   1.038425e-03
145.76000   1.546497e-03
145.82000   2.044570e-03
145.88000   2.582642e-03
145.94000   3.040715e-03
146.00000   3.498788e-03
146.06000   3.966860e-03
146.12000   4.494933e-03
146.18000   5.103005e-03
146.24000   5.681078e-03
146.30000   6.309150e-03
146.36000   6.937223e-03
146.42000   7.505295e-03
146.48000   7.983368e-03
146.54000   8.541441e-03
146.60000   9.109513e-03
146.66000   9.737586e-03
146.72000   1.047566e-02
146.78000   1.114373e-02
146.84000   1.171180e-02
146.90000   1.227988e-02
146.96000   1.289795e-02
147.02000   1.352602e-02
147.08000   1.416409e-02
147.14000   1.474217e-02
147.20000   1.543024e-02
147.26000   1.616831e-02
147.32000   1.690638e-02
147.38000   1.754446e-02
147.44000   1.807253e-02
147.50000   1.860060e-02
147.56000   1.891867e-02
147.62000   1.890675e-02
147.68000   1.893482e-02
147.74000   1.903289e-02
147.80000   1.923097e-02
147.86000   1.921904e-02
147.92000   1.908711e-02
147.98000   1.876518e-02
148.04000   1.843326e-02
148.10000   1.799133e-02
148.16000   1.766940e-02
148.22000   1.754747e-02
148.28000   1.743555e-02
148.34000   1.727362e-02
148.40000   1.711169e-02
148.46000   1.673976e-02
148.52000   1.639784e-02
148.58000   1.606591e-02
148.64000   1.570398e-02
148.70000   1.538206e-02
148.76000   1.512013e-02
148.82000   1.484820e-02
148.88000   1.453627e-02
148.94000   1.417435e-02
149.00000   1.382242e-02
149.06000   1.345049e-02
149.12000   1.301856e-02
149.18000   1.263664e-02
149.24000   1.238471e-02
149.30000   1.212278e-02
149.36000   1.189086e-02
149.42000   1.171893e-02
149.48000   1.145700e-02
149.54000   1.122507e-02
149.60000   1.093315e-02
149.66000   1.067122e-02
149.72000   1.041929e-02
149.78000   1.011737e-02
149.84000   9.875438e-03
149.90000   9.633511e-03
149.96000   9.241584e-03
150.02000   8.859656e-03
150.08000   8.477729e-03
150.14000   7.975802e-03
150.20000   7.443875e-03
150.26000   6.961947e-03
150.32000   6.480020e-03
150.38000   5.988093e-03
150.44000   5.526166e-03
150.50000   5.064239e-03
150.56000   4.552312e-03
150.62000   4.020384e-03
150.68000   3.478457e-03
150.74000   2.986530e-03
150.80000   2.514603e-03
150.86000   2.112676e-03
150.92000   1.840749e-03
150.98000   1.458821e-03
151.04000   1.086894e-03
151.10000   8.349672e-04
151.16000   4.630400e-04
151.22000   1.111129e-04
151.28000  -9.081422e-05
151.34000  -2.327413e-04
151.40000  -3.546685e-04
151.46000  -4.465956e-04
151.52000  -5.885227e-04
151.58000  -7.204498e-04
151.64000  -8.923769e-04
151.70000  -1.134304e-03
151.76000  -1.286231e-03
151.82000  -1.438158e-03
151.88000  -1.610085e-03
151.94000  -1.642012e-03
152.00000  -1.753939e-03
152.06000  -1.855867e-03
152.12000  -1.827794e-03
152.18000  -1.789721e-03
152.24000  -1.701648e-03
152.30000  -1.533575e-03
152.36000  -1.295502e-03
152.42000  -9.374290e-04
152.48000  -5.393560e-04
152.54000  -1.412831e-04
152.60000   3.367899e-04
152.66000   7.348628e-04
152.72000   1.002936e-03
152.78000   1.271009e-03
152.84000   1.469082e-03
152.90000   1.647155e-03
152.96000   1.935228e-03
153.02000   2.183301e-03
153.08000   2.351374e-03
153.14000   2.609447e-03
153.20000   2.797520e-03
153.26000   2.975593e-03
153.32000   3.213666e-03
153.38000   3.511739e-03
153.44000   4.019812e-03
153.50000   4.497885e-03
153.56000   4.985958e-03
153.62000   5.664031e-03
153.68000   6.322104e-03
153.74000   7.020177e-03
153.80000   7.858250e-03
153.86000   8.786323e-03
153.92000   9.864396e-03
153.98000   1.119247e-02
154.04000   1.274054e-02
154.10000   1.433861e-02
154.16000   1.614669e-02
154.22000   1.806476e-02
154.28000   1.986283e-02
154.34000   2.148091e-02
154.40000   2.289898e-02
154.46000   2.411705e-02
154.52000   2.504513e-02
154.58000   2.551320e-02
154.64000   2.574127e-02
154.70000   2.555935e-02
154.76000   2.494742e-02
154.82000   2.415549e-02
154.88000   2.302356e-02
154.94000   2.174164e-02
155.00000   2.058971e-02
155.06000   1.950778e-02
155.12000   1.856586e-02
155.18000   1.785393e-02
155.24000   1.732200e-02
155.30000   1.748008e-02
155.36000   1.791815e-02
155.42000   1.812622e-02
155.48000   1.842430e-02
155.54000   1.864237e-02
155.60000   1.880044e-02
155.66000   1.910852e-02
155.72000   1.929659e-02
155.78000   1.949466e-02
155.84000   1.977273e-02
155.90000   1.986081e-02
155.96000   1.940888e-02
156.02000   1.887695e-02
156.08000   1.855503e-02
156.14000   1.855310e-02
156.20000   1.856117e-02
156.26000   1.852925e-02
156.32000   1.865732e-02
156.38000   1.861539e-02
156.44000   1.859347e-02
156.50000   1.867154e-02
156.56000   1.862961e-02
156.62000   1.874769e-02
156.68000   1.877576e-02
156.74000   1.868383e-02
156.80000   1.854191e-02
156.86000   1.824998e-02
156.92000   1.791805e-02
156.98000   1.761613e-02
157.04000   1.730420e-02
157.10000   1.701227e-02
157.16000   1.681035e-02
157.22000   1.654842e-02
157.28000   1.621649e-02
157.34000   1.597456e-02
157.40000   1.569264e-02
157.46000   1.537071e-02
157.52000   1.517878e-02
157.58000   1.498686e-02
157.64000   1.475493e-02
157.70000   1.456300e-02
157.76000   1.429108e-02
157.82000   1.397915e-02
157.88000   1.364722e-02
157.94000   1.313530e-02
158.00000   1.273337e-02
158.06000   1.232144e-02
158.12000   1.190952e-02
158.18000   1.170759e-02
158.24000   1.140566e-02
158.30000   1.095374e-02
158.36000   1.068181e-02
158.42000   1.028988e-02
158.48000   9.717957e-03
158.54000   9.356031e-03
158.60000   8.994104e-03
158.66000   8.692177e-03
158.72000   8.330251e-03
158.78000   7.808324e-03
158.84000   7.366397e-03
158.90000   6.814471e-03
158.96000   6.092544e-03
159.02000   5.480617e-03
159.08000   4.798691e-03
159.14000   3.846764e-03
159.20000   3.094837e-03
159.26000   2.272911e-03
159.32000   1.370984e-03
159.38000   5.890575e-04
159.44000  -1.528691e-04
159.50000  -7.447958e-04
159.56000  -1.466722e-03
159.62000  -2.188649e-03
159.68000  -2.760576e-03
159.74000  -3.302502e-03
159.80000  -3.754429e-03
159.86000  -3.966355e-03
160.00000  -4.940851e-03
160.10000  -5.154062e-03
160.20000  -5.157273e-03
160.30000  -5.160484e-03
160.40000  -5.163695e-03
160.50000  -5.166906e-03
160.60000  -5.170116e-03
160.70000  -5.173327e-03
160.80000  -5.176538e-03
160.90000  -5.149749e-03
161.00000  -4.692960e-03
161.10000  -4.296171e-03
161.20000  -3.759382e-03
161.30000  -3.272593e-03
161.40000  -2.615803e-03
161.50000  -2.059014e-03
161.60000  -1.372225e-03
161.70000  -8.254359e-04
161.80000  -5.864667e-05
161.90000   6.781425e-04
162.00000   1.594932e-03
162.10000   2.441721e-03
162.20000   3.478510e-03
162.30000   4.495300e-03
162.40000   5.802089e-03
162.50000   6.998878e-03
162.60000   8.135667e-03
162.70000   9.132457e-03
162.80000   1.017925e-02
162.90000   1.135604e-02
163.00000   1.242282e-02
163.10000   1.364961e-02
163.20000   1.468640e-02
163.30000   1.592319e-02
163.40000   1.696998e-02
163.50000   1.794677e-02
163.60000   1.872356e-02
163.70000   1.954035e-02
163.80000   2.031714e-02
163.90000   2.120393e-02
164.00000   2.189072e-02
164.10000   2.258751e-02
164.20000   2.310430e-02
164.30000   2.372109e-02
164.40000   2.425788e-02
164.50000   2.477467e-02
164.60000   2.523146e-02
164.70000   2.553824e-02
164.80000   2.584503e-02
164.90000   2.598182e-02
165.00000   2.609861e-02
165.10000   2.613540e-02
165.20000   2.628219e-02
165.30000   2.627898e-02
165.40000   2.615577e-02
165.50000   2.577256e-02
165.60000   2.536935e-02
165.70000   2.489614e-02
165.80000   2.457293e-02
165.90000   2.415972e-02
166.00000   2.372651e-02
166.10000   2.320330e-02
166.20000   2.258009e-02
166.30000   2.199688e-02
166.40000   2.134367e-02
166.50000   2.080046e-02
166.60000   2.045725e-02
166.70000   2.002404e-02
166.80000   1.939083e-02
166.90000   1.856762e-02
167.00000   1.773441e-02
167.10000   1.705120e-02
167.20000   1.652799e-02
167.30000   1.602478e-02
167.40000   1.534157e-02
167.50000   1.464836e-02
167.60000   1.387514e-02
167.70000   1.307193e-02
167.80000   1.232872e-02
167.90000   1.165551e-02
168.00000   1.115230e-02
168.10000   1.073909e-02
168.20000   1.018588e-02
168.30000   9.442674e-03
168.40000   8.759464e-03
168.50000   8.306254e-03
168.60000   8.063044e-03
168.70000   7.909833e-03
168.80000   7.606623e-03
168.90000   7.163413e-03
169.00000   6.840203e-03
169.10000   6.536993e-03
169.20000   6.273783e-03
169.30000   6.120573e-03
169.40000   6.137363e-03
169.50000   6.234153e-03
169.60000   6.190943e-03
169.70000   5.857733e-03
169.80000   5.544523e-03
169.90000   5.561313e-03
170.00000   5.898103e-03
170.10000   6.414893e-03
170.20000   6.931684e-03
170.30000   7.478474e-03
170.40000   8.195264e-03
170.50000   9.352054e-03
170.60000   1.060884e-02
170.70000   1.188563e-02
170.80000   1.319242e-02
170.90000   1.441921e-02
171.00000   1.568600e-02
171.10000   1.686279e-02
171.20000   1.794958e-02
171.30000   1.909638e-02
171.40000   2.045317e-02
171.50000   2.188996e-02
171.60000   2.315675e-02
171.70000   2.421354e-02
171.80000   2.527033e-02
171.90000   2.648712e-02
172.00000   2.778391e-02
172.10000   2.904070e-02
172.20000   3.013749e-02
172.30000   3.115428e-02
172.40000   3.219107e-02
172.50000   3.317786e-02
172.60000   3.406465e-02
172.70000   3.480144e-02
172.80000   3.555823e-02
172.90000   3.640502e-02
173.00000   3.715181e-02
173.10000   3.771860e-02
173.20000   3.802539e-02
173.30000   3.826218e-02
173.40000   3.853897e-02
173.50000   3.871576e-02
173.60000   3.877255e-02
173.70000   3.860934e-02
173.80000   3.826613e-02
173.90000   3.788292e-02
174.00000   3.743971e-02
174.10000   3.695650e-02
174.20000   3.634330e-02
174.30000   3.574009e-02
174.40000   3.516688e-02
174.50000   3.459367e-02
174.60000   3.401046e-02
174.70000   3.337725e-02
174.80000   3.288404e-02
174.90000   3.253083e-02
175.00000   3.221762e-02
175.10000   3.176441e-02
175.20000   3.102120e-02
175.30000   3.017799e-02
175.40000   2.941478e-02
175.50000   2.881157e-02
175.60000   2.824836e-02
175.70000   2.744515e-02
175.80000   2.639194e-02
175.90000   2.519873e-02
176.00000   2.408553e-02
176.10000   2.306232e-02
176.20000   2.211911e-02
176.30000   2.120590e-02
176.40000   2.027269e-02
176.50000   1.933948e-02
176.60000   1.836627e-02
176.70000   1.731306e-02
176.80000   1.643985e-02
176.90000   1.583664e-02
177.00000   1.546343e-02
177.10000   1.497022e-02
177.20000   1.430701e-02
177.30000   1.347381e-02
177.40000   1.283060e-02
177.50000   1.259739e-02
177.60000   1.255418e-02
177.70000   1.248097e-02
177.80000   1.227776e-02
177.90000   1.197455e-02
178.00000   1.180134e-02
178.10000   1.188813e-02
178.20000   1.213492e-02
178.30000   1.249171e-02
178.40000   1.288850e-02
178.50000   1.335530e-02
178.60000   1.379209e-02
178.70000   1.421888e-02
178.80000   1.469567e-02
178.90000   1.545246e-02
179.00000   1.645925e-02
179.10000   1.744604e-02
179.20000   1.810283e-02
179.30000   1.842962e-02
179.40000   1.875641e-02
179.50000   1.955321e-02
179.60000   2.064000e-02
179.70000   2.189679e-02
179.80000   2.327358e-02
179.90000   2.463037e-02
180.00000   2.616716e-02
180.10000   2.795395e-02
180.20000   2.985074e-02
180.30000   3.174753e-02
180.40000   3.360433e-02
180.50000   3.530112e-02
180.60000   3.675791e-02
180.70000   3.815470e-02
180.80000   3.941149e-02
180.90000   4.060828e-02
181.00000   4.191507e-02
181.10000   4.316186e-02
181.20000   4.412866e-02
181.30000   4.474545e-02
181.40000   4.523224e-02
181.50000   4.586903e-02
181.60000   4.666582e-02
181.70000   4.730261e-02
181.80000   4.770940e-02
181.90000   4.797619e-02
182.00000   4.811299e-02
182.10000   4.824978e-02
182.20000   4.837657e-02
182.30000   4.843336e-02
182.40000   4.838015e-02
182.50000   4.826694e-02
182.60000   4.795373e-02
182.70000   4.746052e-02
182.80000   4.684732e-02
182.90000   4.624411e-02
183.00000   4.564090e-02
183.10000   4.487769e-02
183.20000   4.379448e-02
183.30000   4.246127e-02
183.40000   4.097806e-02
183.50000   3.955486e-02
183.60000   3.802165e-02
183.70000   3.633844e-02
183.80000   3.442523e-02
183.90000   3.227202e-02
184.00000   2.983881e-02
184.10000   2.722560e-02
184.20000   2.485240e-02
184.30000   2.319919e-02
184.40000   2.197598e-02
184.50000   2.092277e-02
184.60000   2.009956e-02
184.70000   1.977635e-02
184.80000   1.983315e-02
184.90000   1.992994e-02
185.00000   1.987673e-02
185.10000   1.982352e-02
185.20000   1.971031e-02
185.30000   1.956710e-02
185.40000   1.923390e-02
185.50000   1.866069e-02
185.60000   1.830748e-02
185.70000   1.808427e-02
185.80000   1.787106e-02
185.90000   1.744785e-02
186.00000   1.699465e-02
186.10000   1.672144e-02
186.20000   1.665823e-02
186.30000   1.682502e-02
186.40000   1.700181e-02
186.50000   1.719860e-02
186.60000   1.756540e-02
186.70000   1.807219e-02
186.80000   1.862898e-02
186.90000   1.929577e-02
187.00000   2.010256e-02
187.10000   2.097936e-02
187.20000   2.194615e-02
187.30000   2.304294e-02
187.40000   2.411973e-02
187.50000   2.523652e-02
187.60000   2.633331e-02
187.70000   2.742011e-02
187.80000   2.852690e-02
187.90000   2.960369e-02
188.00000   3.048048e-02
188.10000   3.120727e-02
188.20000   3.189407e-02
188.30000   3.269086e-02
188.40000   3.337765e-02
188.50000   3.404444e-02
188.60000   3.465123e-02
188.70000   3.566803e-02
188.80000   3.719482e-02
188.90000   3.916161e-02
189.00000   4.118840e-02
189.10000   4.318519e-02
189.20000   4.522199e-02
189.30000   4.733878e-02
189.40000   4.944557e-02
189.50000   5.138236e-02
189.60000   5.289915e-02
189.70000   5.428595e-02
189.80000   5.563274e-02
189.90000   5.686953e-02
190.00000   5.781632e-02
190.10000   5.852311e-02
190.20000   5.910991e-02
190.30000   5.963670e-02
190.40000   6.004349e-02
190.50000   6.028028e-02
190.60000   6.024708e-02
190.70000   6.023387e-02
190.80000   6.023066e-02
190.90000   6.010745e-02
191.00000   5.976424e-02
191.10000   5.920104e-02
191.20000   5.857783e-02
191.30000   5.800462e-02
191.40000   5.739141e-02
191.50000   5.654821e-02
191.60000   5.544500e-02
191.70000   5.438179e-02
191.80000   5.334858e-02
191.90000   5.228537e-02
192.00000   5.113217e-02
192.10000   4.976896e-02
192.20000   4.826575e-02
192.30000   4.681254e-02
192.40000   4.545934e-02
192.50000   4.408613e-02
192.60000   4.269292e-02
192.70000   4.125971e-02
192.80000   3.964651e-02
192.90000   3.797330e-02
193.00000   3.633009e-02
193.10000   3.475688e-02
193.20000   3.331368e-02
193.30000   3.194047e-02
193.40000   3.053726e-02
193.50000   2.910405e-02
193.60000   2.773085e-02
193.70000   2.655764e-02
193.80000   2.565443e-02
193.90000   2.506122e-02
194.00000   2.457802e-02
194.10000   2.393481e-02
194.20000   2.323160e-02
194.30000   2.259839e-02
194.40000   2.224519e-02
194.50000   2.226198e-02
194.60000   2.228877e-02
194.70000   2.217556e-02
194.80000   2.194236e-02
194.90000   2.184915e-02
195.00000   2.205594e-02
195.10000   2.249273e-02
195.20000   2.312953e-02
195.30000   2.387632e-02
195.40000   2.466311e-02
195.50000   2.553991e-02
195.60000   2.642670e-02
195.70000   2.734349e-02
195.80000   2.852028e-02
195.90000   2.999708e-02
196.00000   3.157387e-02
196.10000   3.310066e-02
196.20000   3.441745e-02
196.30000   3.581425e-02
196.40000   3.744104e-02
196.50000   3.937783e-02
196.60000   4.134463e-02
196.70000   4.312142e-02
196.80000   4.482821e-02
196.90000   4.652500e-02
197.00000   4.833180e-02
197.10000   5.014859e-02
197.20000   5.191538e-02
197.30000   5.365218e-02
197.40000   5.534897e-02
197.50000   5.708576e-02
197.60000   5.869255e-02
197.70000   6.024935e-02
197.80000   6.176614e-02
197.90000   6.324293e-02
198.00000   6.479973e-02
198.10000   6.614652e-02
198.20000   6.721331e-02
198.30000   6.812011e-02
198.40000   6.899690e-02
198.50000   6.996369e-02
198.60000   7.076048e-02
198.70000   7.139728e-02
198.80000   7.180407e-02
198.90000   7.198086e-02
199.00000   7.216766e-02
199.10000   7.217445e-02
199.20000   7.211124e-02
199.30000   7.197804e-02
199.40000   7.178483e-02
199.50000   7.140162e-02
199.60000   7.067841e-02
199.70000   6.978521e-02
199.80000   6.879200e-02
199.90000   6.782879e-02
200.00000   6.701559e-02
200.10000   6.606238e-02
200.20000   6.491917e-02
200.30000   6.348597e-02
200.40000   6.183276e-02
200.50000   6.019955e-02
200.60000   5.876635e-02
200.70000   5.750314e-02
200.80000   5.609993e-02
200.90000   5.450673e-02
201.00000   5.262352e-02
201.10000   5.063031e-02
201.20000   4.881711e-02
201.30000   4.718390e-02
201.40000   4.566069e-02
201.50000   4.415749e-02
201.60000   4.253428e-02
201.70000   4.078107e-02
201.80000   3.894787e-02
201.90000   3.722466e-02
202.00000   3.579145e-02
202.10000   3.473825e-02
202.20000   3.375504e-02
202.30000   3.251183e-02
202.40000   3.109863e-02
202.50000   2.975542e-02
202.60000   2.870221e-02
202.70000   2.803901e-02
202.80000   2.760580e-02
202.90000   2.722259e-02
203.00000   2.683939e-02
203.10000   2.644618e-02
203.20000   2.610297e-02
203.30000   2.600977e-02
203.40000   2.626656e-02
203.50000   2.683335e-02
203.60000   2.757015e-02
203.70000   2.828694e-02
203.80000   2.889374e-02
203.90000   2.960053e-02
204.00000   3.058732e-02
204.10000   3.192412e-02
204.20000   3.349091e-02
204.30000   3.518770e-02
204.40000   3.679450e-02
204.50000   3.829129e-02
204.60000   3.980808e-02
204.70000   4.142488e-02
204.80000   4.321167e-02
204.90000   4.509846e-02
205.00000   4.692526e-02
205.10000   4.875205e-02
205.20000   5.046885e-02
205.30000   5.221564e-02
205.40000   5.398243e-02
205.50000   5.578923e-02
205.60000   5.779602e-02
205.70000   5.979281e-02
205.80000   6.174961e-02
205.90000   6.355640e-02
206.00000   6.517320e-02
206.10000   6.669999e-02
206.20000   6.831678e-02
206.30000   7.009358e-02
206.40000   7.178037e-02
206.50000   7.324717e-02
206.60000   7.443396e-02
206.70000   7.540075e-02
206.80000   7.640755e-02
206.90000   7.740434e-02
207.00000   7.837113e-02
207.10000   7.921793e-02
207.20000   7.992472e-02
207.30000   8.033152e-02
207.40000   8.042831e-02
207.50000   8.047510e-02
207.60000   8.051190e-02
207.70000   8.072869e-02
207.80000   8.088549e-02
207.90000   8.067228e-02
208.00000   7.999907e-02
208.10000   7.910587e-02
208.20000   7.832266e-02
208.30000   7.775946e-02
208.40000   7.729625e-02
208.50000   7.652304e-02
208.60000   7.534984e-02
208.70000   7.387663e-02
208.80000   7.231343e-02
208.90000   7.084022e-02
209.00000   6.953701e-02
209.10000   6.825381e-02
209.20000   6.680060e-02
209.30000   6.497740e-02
209.40000   6.289419e-02
209.50000   6.068098e-02
209.60000   5.857778e-02
209.70000   5.677457e-02
209.80000   5.503137e-02
209.90000   5.306816e-02
210.00000   5.071496e-02
210.10000   4.801175e-02
210.20000   4.538854e-02
210.30000   4.312534e-02
210.40000   4.119213e-02
210.50000   3.920893e-02
210.60000   3.695572e-02
210.70000   3.450252e-02
210.80000   3.201931e-02
210.90000   2.981610e-02
211.00000   2.804290e-02
211.10000   2.651969e-02
211.20000   2.527649e-02
211.30000   2.412328e-02
211.40000   2.287008e-02
211.50000   2.159687e-02
211.60000   2.054366e-02
211.70000   2.005046e-02
211.80000   2.010725e-02
211.90000   2.039405e-02
212.00000   2.060084e-02
212.10000   2.072764e-02
212.20000   2.095443e-02
212.30000   2.146123e-02
212.40000   2.234802e-02
212.50000   2.357481e-02
212.60000   2.511161e-02
212.70000   2.663840e-02
212.80000   2.801520e-02
212.90000   2.927199e-02
213.00000   3.067879e-02
213.10000   3.253558e-02
213.20000   3.473238e-02
213.30000   3.704917e-02
213.40000   3.932596e-02
213.50000   4.144276e-02
213.60000   4.350955e-02
213.70000   4.553635e-02
213.80000   4.782314e-02
213.90000   5.040994e-02
214.00000   5.318673e-02
214.10000   5.586353e-02
214.20000   5.810032e-02
214.30000   6.007712e-02
214.40000   6.216391e-02
214.50000   6.455071e-02
214.60000   6.710750e-02
214.70000   6.949429e-02
214.80000   7.164109e-02
214.90000   7.353788e-02
215.00000   7.519468e-02
215.10000   7.679147e-02
215.20000   7.846827e-02
215.30000   8.028506e-02
215.40000   8.196186e-02
215.50000   8.330865e-02
215.60000   8.420545e-02
215.70000   8.485224e-02
215.80000   8.545904e-02
215.90000   8.624583e-02
216.00000   8.704263e-02
216.10000   8.757942e-02
216.20000   8.765622e-02
216.30000   8.734301e-02
216.40000   8.690981e-02
216.50000   8.653660e-02
216.60000   8.623340e-02
216.70000   8.583019e-02
216.80000   8.509699e-02
216.90000   8.399378e-02
217.00000   8.253058e-02
217.10000   8.101737e-02
217.20000   7.964417e-02
217.30000   7.820096e-02
217.40000   7.663776e-02
217.50000   7.486455e-02
217.60000   7.285134e-02
217.70000   7.063814e-02
217.80000   6.831493e-02
217.90000   6.607173e-02
218.00000   6.398852e-02
218.10000   6.189532e-02
218.20000   5.960212e-02
218.30000   5.694891e-02
218.40000   5.423571e-02
218.50000   5.160250e-02
218.60000   4.915930e-02
218.70000   4.691609e-02
218.80000   4.469289e-02
218.90000   4.247968e-02
219.00000   4.017648e-02
219.10000   3.785327e-02
219.20000   3.554007e-02
219.30000   3.334686e-02
219.40000   3.147366e-02
219.50000   2.987045e-02
219.60000   2.835725e-02
219.70000   2.675404e-02
219.80000   2.498084e-02
219.90000   2.330763e-02
220.00000   2.208443e-02
220.10000   2.134122e-02
220.20000   2.089802e-02
220.30000   2.048481e-02
220.40000   1.996161e-02
220.50000   1.941840e-02
220.60000   1.911520e-02
220.70000   1.922199e-02
220.80000   1.978879e-02
220.90000   2.062559e-02
221.00000   2.158238e-02
221.10000   2.243918e-02
221.20000   2.321597e-02
221.30000   2.416277e-02
221.40000   2.557956e-02
221.50000   2.750636e-02
221.60000   2.979315e-02
221.70000   3.196995e-02
221.80000   3.383674e-02
221.90000   3.562354e-02
222.00000   3.768033e-02
222.10000   4.010713e-02
222.20000   4.296393e-02
222.30000   4.591072e-02
222.40000   4.858752e-02
222.50000   5.090431e-02
222.60000   5.315111e-02
222.70000   5.556790e-02
222.80000   5.825470e-02
222.90000   6.122149e-02
223.00000   6.408829e-02
223.10000   6.660508e-02
223.20000   6.883188e-02
223.30000   7.091868e-02
223.40000   7.306547e-02
223.50000   7.533227e-02
223.60000   7.768906e-02
223.70000   7.982586e-02
223.80000   8.157265e-02
223.90000   8.299945e-02
224.00000   8.412625e-02
224.10000   8.543304e-02
224.20000   8.691984e-02
224.30000   8.835663e-02
224.40000   8.945343e-02
224.50000   9.003022e-02
224.60000   9.039702e-02
224.70000   9.059382e-02
224.80000   9.085061e-02
224.90000   9.113741e-02
225.00000   9.115420e-02
225.10000   9.100100e-02
225.20000   9.041779e-02
225.30000   8.949459e-02
225.40000   8.838139e-02
225.50000   8.722818e-02
225.60000   8.620498e-02
225.70000   8.511177e-02
225.80000   8.382857e-02
225.90000   8.216536e-02
226.00000   8.004216e-02
226.10000   7.787896e-02
226.20000   7.579575e-02
226.30000   7.386255e-02
226.40000   7.182934e-02
226.50000   6.949614e-02
226.60000   6.682294e-02
226.70000   6.391973e-02
226.80000   6.101653e-02
226.90000   5.827332e-02
227.00000   5.563012e-02
227.10000   5.305692e-02
227.20000   5.033371e-02
227.30000   4.730051e-02
227.40000   4.410730e-02
227.50000   4.104410e-02
227.60000   3.830090e-02
227.70000   3.591769e-02
227.80000   3.368449e-02
227.90000   3.134128e-02
228.00000   2.878808e-02
228.10000   2.625488e-02
228.20000   2.396167e-02
228.30000   2.213847e-02
228.40000   2.068526e-02
228.50000   1.938206e-02
228.60000   1.802886e-02
228.70000   1.664565e-02
228.80000   1.546245e-02
228.90000   1.458924e-02
229.00000   1.412604e-02
229.10000   1.393284e-02
229.20000   1.396963e-02
229.30000   1.414643e-02
229.40000   1.435323e-02
229.50000   1.472002e-02
229.60000   1.526682e-02
229.70000   1.617361e-02
229.80000   1.750041e-02
229.90000   1.901721e-02
230.00000   2.058400e-02
230.10000   2.207080e-02
230.20000   2.370760e-02
230.30000   2.557439e-02
230.40000   2.773119e-02
230.50000   3.012798e-02
230.60000   3.253478e-02
230.70000   3.496158e-02
230.80000   3.746837e-02
230.90000   3.995517e-02
231.00000   4.251197e-02
231.10000   4.507876e-02
231.20000   4.788556e-02
231.30000   5.092236e-02
231.40000   5.401915e-02
231.50000   5.678595e-02
231.60000   5.900274e-02
231.70000   6.123954e-02
231.80000   6.373634e-02
231.90000   6.638313e-02
232.00000   6.911993e-02
232.10000   7.164673e-02
232.20000   7.398352e-02
232.30000   7.613032e-02
232.40000   7.819712e-02
232.50000   8.016391e-02
232.60000   8.219071e-02
232.70000   8.436751e-02
232.80000   8.631430e-02
232.90000   8.788110e-02
233.00000   8.912790e-02
233.10000   9.015469e-02
233.20000   9.112149e-02
233.30000   9.200829e-02
233.40000   9.268508e-02
233.50000   9.298188e-02
233.60000   9.286868e-02
233.70000   9.255547e-02
233.80000   9.222227e-02
233.90000   9.190907e-02
234.00000   9.145586e-02
234.10000   9.066266e-02
234.20000   8.937946e-02
234.30000   8.785625e-02
234.40000   8.624305e-02
234.50000   8.462985e-02
234.60000   8.296664e-02
234.70000   8.105344e-02
234.80000   7.892024e-02
234.90000   7.650703e-02
235.00000   7.391383e-02
235.10000   7.125063e-02
235.20000   6.858742e-02
235.30000   6.596422e-02
235.40000   6.322102e-02
235.50000   6.033781e-02
235.60000   5.723461e-02
235.70000   5.399141e-02
235.80000   5.083820e-02
235.90000   4.793500e-02
236.00000   4.522180e-02
236.10000   4.248859e-02
236.20000   3.954539e-02
236.30000   3.661219e-02
236.40000   3.388899e-02
236.50000   3.144578e-02
236.60000   2.921258e-02
236.70000   2.698938e-02
236.80000   2.490617e-02
236.90000   2.303297e-02
237.00000   2.125977e-02
237.10000   1.951656e-02
237.20000   1.783336e-02
237.30000   1.639016e-02
237.40000   1.522696e-02
237.50000   1.429375e-02
237.60000   1.343055e-02
237.70000   1.251735e-02
237.80000   1.178414e-02
237.90000   1.131094e-02
238.00000   1.109774e-02
238.10000   1.106453e-02
238.20000   1.119133e-02
238.30000   1.153813e-02
238.40000   1.210493e-02
238.50000   1.290172e-02
238.60000   1.379852e-02
238.70000   1.495532e-02
238.80000   1.645211e-02
238.90000   1.820891e-02
239.00000   2.023571e-02
239.10000   2.253251e-02
239.20000   2.501930e-02
239.30000   2.763610e-02
239.40000   3.032290e-02
239.50000   3.314970e-02
239.60000   3.614649e-02
239.70000   3.936329e-02
239.80000   4.252009e-02
239.90000   4.560688e-02
240.00000   4.867368e-02
240.10000   5.176048e-02
240.20000   5.489728e-02
240.30000   5.790407e-02
240.40000   6.098087e-02
240.50000   6.412767e-02
240.60000   6.731447e-02
240.70000   7.038126e-02
240.80000   7.318806e-02
240.90000   7.600486e-02
241.00000   7.899166e-02
241.10000   8.216845e-02
241.20000   8.535525e-02
241.30000   8.827205e-02
241.40000   9.096884e-02
241.50000   9.359564e-02
241.60000   9.621244e-02
241.70000   9.875924e-02
241.80000   1.009960e-01
241.90000   1.029228e-01
242.00000   1.045896e-01
242.10000   1.059664e-01
242.20000   1.069932e-01
242.30000   1.076000e-01
242.40000   1.079268e-01
242.50000   1.080436e-01
242.60000   1.078904e-01
242.70000   1.073572e-01
242.80000   1.064540e-01
242.90000   1.053208e-01
243.00000   1.040676e-01
243.10000   1.026644e-01
243.20000   1.010212e-01
243.30000   9.909800e-02
243.40000   9.696480e-02
243.50000   9.463159e-02
243.60000   9.221839e-02
243.70000   8.971519e-02
243.80000   8.705199e-02
243.90000   8.417878e-02
244.00000   8.125558e-02
244.10000   7.829238e-02
244.20000   7.521918e-02
244.30000   7.199598e-02
244.40000   6.870277e-02
244.50000   6.537957e-02
244.60000   6.212637e-02
244.70000   5.881317e-02
244.80000   5.537996e-02
244.90000   5.192676e-02
245.00000   4.862356e-02
245.10000   4.541036e-02
245.20000   4.220716e-02
245.30000   3.899395e-02
245.40000   3.581075e-02
245.50000   3.279755e-02
245.60000   3.001435e-02
245.70000   2.746114e-02
245.80000   2.514794e-02
245.90000   2.303474e-02
246.00000   2.118154e-02
246.10000   1.957834e-02
246.20000   1.829513e-02
246.30000   1.734193e-02
246.40000   1.675873e-02
246.50000   1.647553e-02
246.60000   1.648233e-02
246.70000   1.680912e-02
246.80000   1.737592e-02
246.90000   1.815272e-02
247.00000   1.917952e-02
247.10000   2.043632e-02
247.20000   2.194311e-02
247.30000   2.368991e-02
247.40000   2.565671e-02
247.50000   2.779351e-02
247.60000   3.014031e-02
247.70000   3.263710e-02
247.80000   3.526390e-02
247.90000   3.803070e-02
248.00000   4.094750e-02
248.10000   4.402430e-02
248.20000   4.724110e-02
248.30000   5.051789e-02
248.40000   5.376469e-02
248.50000   5.699149e-02
248.60000   6.025829e-02
248.70000   6.368509e-02
248.80000   6.722188e-02
248.90000   7.075868e-02
249.00000   7.409548e-02
249.10000   7.731228e-02
249.20000   8.046908e-02
249.30000   8.371588e-02
249.40000   8.702267e-02
249.50000   9.030947e-02
249.60000   9.342627e-02
249.70000   9.630307e-02
249.80000   9.890987e-02
249.90000   1.012967e-01
250.00000   1.035335e-01
250.10000   1.058003e-01
250.20000   1.079671e-01
250.30000   1.099039e-01
250.40000   1.114607e-01
250.50000   1.126475e-01
250.60000   1.136743e-01
250.70000   1.147411e-01
250.80000   1.157679e-01
250.90000   1.165246e-01
251.00000   1.168814e-01
251.10000   1.168382e-01
251.20000   1.165050e-01
251.30000   1.160418e-01
251.40000   1.153786e-01
251.50000   1.144154e-01
251.60000   1.132122e-01
251.70000   1.117490e-01
251.80000   1.100058e-01
251.90000   1.079626e-01
252.00000   1.058594e-01
252.10000   1.037262e-01
252.20000   1.016330e-01
252.30000   9.940983e-02
252.40000   9.688663e-02
252.50000   9.418343e-02
252.60000   9.141022e-02
252.70000   8.870702e-02
252.80000   8.597382e-02
252.90000   8.319062e-02
253.00000   8.025742e-02
253.10000   7.721422e-02
253.20000   7.405102e-02
253.30000   7.083781e-02
253.40000   6.759461e-02
253.50000   6.435141e-02
253.60000   6.099821e-02
253.70000   5.754501e-02
253.80000   5.400181e-02
253.90000   5.052861e-02
254.00000   4.716541e-02
254.10000   4.395220e-02
254.20000   4.087900e-02
254.30000   3.796580e-02
254.40000   3.529260e-02
254.50000   3.284940e-02
254.60000   3.064620e-02
254.70000   2.874300e-02
254.80000   2.715980e-02
254.90000   2.596659e-02
255.00000   2.506339e-02
255.10000   2.441019e-02
255.20000   2.398699e-02
255.30000   2.391379e-02
255.40000   2.418059e-02
255.50000   2.465739e-02
255.60000   2.536419e-02
255.70000   2.635099e-02
255.80000   2.767778e-02
255.90000   2.927458e-02
256.00000   3.101138e-02
256.10000   3.284818e-02
256.20000   3.482498e-02
256.30000   3.700178e-02
256.40000   3.941858e-02
256.50000   4.200538e-02
256.60000   4.477218e-02
256.70000   4.768898e-02
256.80000   5.074577e-02
256.90000   5.389257e-02
257.00000   5.710937e-02
257.10000   6.042617e-02
257.20000   6.398297e-02
257.30000   6.774977e-02
257.40000   7.160657e-02
257.50000   7.533337e-02
257.60000   7.897017e-02
257.70000   8.262697e-02
257.80000   8.635377e-02
257.90000   9.013056e-02
258.00000   9.379736e-02
258.10000   9.718416e-02
258.20000   1.002910e-01
258.30000   1.031178e-01
258.40000   1.057746e-01
258.50000   1.083714e-01
258.60000   1.109682e-01
258.70000   1.133950e-01
258.80000   1.155218e-01
258.90000   1.173986e-01
259.00000   1.190454e-01
259.10000   1.205522e-01
259.20000   1.220090e-01
259.30000   1.233558e-01
259.40000   1.245126e-01
259.50000   1.254194e-01
259.60000   1.258862e-01
259.70000   1.261930e-01
259.80000   1.264998e-01
259.90000   1.268865e-01
260.00000   1.272733e-01
